Date,High,Low,Open,Close,Volume,Adj Close
2004-05-03,26.174999237060547,26.05500030517578,26.05500030517578,26.155000686645508,53800.0,15.021151542663574
2004-05-04,27.0049991607666,26.93000030517578,27.0049991607666,26.93000030517578,3000.0,15.46624755859375
2004-05-05,27.6200008392334,27.389999389648438,27.4950008392334,27.6200008392334,5600.0,15.862519264221191
2004-05-06,26.8700008392334,26.55500030517578,26.8700008392334,26.69499969482422,2000.0,15.331283569335938
2004-05-07,26.5,25.850000381469727,26.5,25.850000381469727,38600.0,14.845991134643555
2004-05-10,25.204999923706055,25.0049991607666,25.204999923706055,25.100000381469727,34600.0,14.415252685546875
2004-05-11,25.80500030517578,25.510000228881836,25.55500030517578,25.80500030517578,2800.0,14.820146560668945
2004-05-12,26.4950008392334,25.825000762939453,26.4950008392334,25.850000381469727,87000.0,14.845991134643555
2004-05-13,25.850000381469727,25.704999923706055,25.790000915527344,25.844999313354492,53000.0,14.843118667602539
2004-05-14,25.450000762939453,25.450000762939453,25.450000762939453,25.450000762939453,200.0,14.616266250610352
2004-05-17,25.6200008392334,25.434999465942383,25.594999313354492,25.434999465942383,1800.0,14.607649803161621
2004-05-18,25.450000762939453,25.209999084472656,25.434999465942383,25.209999084472656,6400.0,14.478426933288574
2004-05-19,26.395000457763672,26.024999618530273,26.395000457763672,26.045000076293945,67200.0,14.95798110961914
2004-05-20,26.219999313354492,26.0049991607666,26.100000381469727,26.190000534057617,41200.0,15.041251182556152
2004-05-21,26.524999618530273,26.3799991607666,26.3799991607666,26.489999771118164,3200.0,15.213549613952637
2004-05-24,26.5,26.25,26.489999771118164,26.25,21600.0,15.075713157653809
2004-05-25,27.100000381469727,26.450000762939453,26.450000762939453,26.985000610351562,71800.0,15.497838020324707
2004-05-26,27.274999618530273,27.260000228881836,27.260000228881836,27.274999618530273,2400.0,15.664386749267578
2004-05-27,28.05500030517578,28.049999237060547,28.05500030517578,28.049999237060547,800.0,16.109479904174805
2004-05-28,28.059999465942383,28.0,28.059999465942383,28.0049991607666,1000.0,16.08363151550293
2004-06-01,28.649999618530273,28.545000076293945,28.649999618530273,28.545000076293945,6600.0,16.393760681152344
2004-06-02,28.614999771118164,27.90999984741211,28.584999084472656,28.09000015258789,60400.0,16.1324462890625
2004-06-03,28.30500030517578,27.954999923706055,28.30500030517578,28.030000686645508,188400.0,16.097990036010742
2004-06-04,28.235000610351562,28.0,28.0,28.235000610351562,2600.0,16.215728759765625
2004-06-07,28.7450008392334,28.399999618530273,28.7450008392334,28.600000381469727,46200.0,16.42534828186035
2004-06-08,28.200000762939453,28.145000457763672,28.200000762939453,28.18000030517578,22800.0,16.18413543701172
2004-06-09,27.9950008392334,27.655000686645508,27.9950008392334,27.655000686645508,2800.0,15.882621765136719
2004-06-10,28.145000457763672,27.795000076293945,27.795000076293945,28.049999237060547,82600.0,16.109479904174805
2004-06-14,27.25,26.899999618530273,27.25,26.94499969482422,12200.0,15.474859237670898
2004-06-15,27.440000534057617,27.05500030517578,27.05500030517578,27.200000762939453,3800.0,15.621307373046875
2004-06-16,27.274999618530273,27.165000915527344,27.165000915527344,27.274999618530273,1400.0,15.664386749267578
2004-06-17,27.4950008392334,27.2549991607666,27.4950008392334,27.395000457763672,1200.0,15.733298301696777
2004-06-18,27.395000457763672,27.395000457763672,27.395000457763672,27.395000457763672,0.0,15.733298301696777
2004-06-21,28.079999923706055,27.959999084472656,27.959999084472656,28.024999618530273,3800.0,16.095123291015625
2004-06-22,28.0,27.969999313354492,27.9950008392334,27.975000381469727,25200.0,16.066404342651367
2004-06-23,27.975000381469727,27.975000381469727,27.975000381469727,27.975000381469727,0.0,16.066404342651367
2004-06-24,28.44499969482422,28.084999084472656,28.084999084472656,28.43000030517578,6200.0,16.327720642089844
2004-06-25,28.875,28.5,28.75,28.5,105800.0,16.3679141998291
2004-06-28,28.989999771118164,28.75,28.875,28.899999618530273,7200.0,16.597640991210938
2004-06-29,28.600000381469727,28.440000534057617,28.44499969482422,28.600000381469727,1000.0,16.42534828186035
2004-06-30,28.934999465942383,28.479999542236328,28.895000457763672,28.895000457763672,3400.0,16.594770431518555
2004-07-01,29.0,28.635000228881836,29.0,28.815000534057617,52400.0,16.548824310302734
2004-07-02,28.94499969482422,28.75,28.75,28.94499969482422,1600.0,16.623485565185547
2004-07-06,28.700000762939453,28.225000381469727,28.700000762939453,28.5,20800.0,16.3679141998291
2004-07-07,29.149999618530273,28.770000457763672,28.770000457763672,29.0,11600.0,16.655075073242188
2004-07-08,29.094999313354492,28.8799991607666,28.9950008392334,28.96500015258789,54600.0,16.63497543334961
2004-07-09,28.889999389648438,28.850000381469727,28.850000381469727,28.889999389648438,1400.0,16.59189796447754
2004-07-12,29.274999618530273,28.93000030517578,29.024999618530273,29.274999618530273,65200.0,16.813011169433594
2004-07-13,29.1299991607666,29.1299991607666,29.1299991607666,29.1299991607666,1200.0,16.7297306060791
2004-07-14,29.53499984741211,29.149999618530273,29.149999618530273,29.350000381469727,23200.0,16.856082916259766
2004-07-15,29.34000015258789,29.174999237060547,29.34000015258789,29.295000076293945,44000.0,16.824501037597656
2004-07-16,29.594999313354492,29.350000381469727,29.594999313354492,29.520000457763672,4600.0,16.953718185424805
2004-07-19,29.645000457763672,29.420000076293945,29.44499969482422,29.485000610351562,30000.0,16.933616638183594
2004-07-20,29.290000915527344,29.075000762939453,29.25,29.114999771118164,9200.0,16.72112464904785
2004-07-21,29.125,28.729999542236328,29.125,28.729999542236328,2000.0,16.50000762939453
2004-07-22,28.875,28.8700008392334,28.875,28.875,70800.0,16.58328628540039
2004-07-23,28.3700008392334,28.25,28.3700008392334,28.25,26000.0,16.224340438842773
2004-07-26,28.46500015258789,28.125,28.46500015258789,28.19499969482422,15200.0,16.192750930786133
2004-07-27,28.34000015258789,28.219999313354492,28.235000610351562,28.34000015258789,8200.0,16.27602767944336
2004-07-28,28.71500015258789,28.5,28.5049991607666,28.71500015258789,8600.0,16.491395950317383
2004-07-29,28.690000534057617,28.614999771118164,28.690000534057617,28.674999237060547,4600.0,16.46842384338379
2004-07-30,29.184999465942383,28.834999084472656,29.184999465942383,28.969999313354492,4200.0,16.637845993041992
2004-08-02,28.954999923706055,28.75,28.954999923706055,28.8799991607666,26600.0,16.586156845092773
2004-08-03,29.360000610351562,29.135000228881836,29.149999618530273,29.260000228881836,3600.0,16.804397583007812
2004-08-04,29.584999084472656,29.31999969482422,29.31999969482422,29.530000686645508,20200.0,16.95945930480957
2004-08-05,29.334999084472656,29.200000762939453,29.334999084472656,29.200000762939453,6000.0,16.769935607910156
2004-08-06,29.395000457763672,29.295000076293945,29.375,29.31999969482422,1600.0,16.83885383605957
2004-08-09,29.510000228881836,29.385000228881836,29.475000381469727,29.385000228881836,30800.0,16.876188278198242
2004-08-10,29.200000762939453,29.110000610351562,29.165000915527344,29.200000762939453,23200.0,16.769935607910156
2004-08-11,28.915000915527344,28.770000457763672,28.915000915527344,28.770000457763672,2400.0,16.522981643676758
2004-08-12,28.899999618530273,28.739999771118164,28.774999618530273,28.889999389648438,41600.0,16.59189796447754
2004-08-13,29.049999237060547,28.889999389648438,29.024999618530273,29.024999618530273,130400.0,16.66943359375
2004-08-16,29.389999389648438,29.2450008392334,29.2450008392334,29.389999389648438,27200.0,16.879053115844727
2004-08-17,29.614999771118164,29.295000076293945,29.299999237060547,29.540000915527344,23400.0,16.965206146240234
2004-08-18,29.375,29.290000915527344,29.325000762939453,29.375,7400.0,16.870445251464844
2004-08-19,29.600000381469727,29.204999923706055,29.4950008392334,29.309999465942383,23200.0,16.833110809326172
2004-08-20,29.75,29.34000015258789,29.34000015258789,29.75,17400.0,17.0858097076416
2004-08-23,29.80500030517578,29.69499969482422,29.69499969482422,29.80500030517578,152600.0,17.117401123046875
2004-08-24,29.524999618530273,29.200000762939453,29.475000381469727,29.200000762939453,9400.0,16.769935607910156
2004-08-25,29.649999618530273,29.209999084472656,29.209999084472656,29.645000457763672,18800.0,17.025508880615234
2004-08-26,29.854999542236328,29.739999771118164,29.739999771118164,29.854999542236328,13200.0,17.14611053466797
2004-08-27,29.68000030517578,29.559999465942383,29.68000030517578,29.635000228881836,34600.0,17.019765853881836
2004-08-30,29.815000534057617,29.719999313354492,29.719999313354492,29.790000915527344,1200.0,17.108783721923828
2004-08-31,30.174999237060547,29.850000381469727,29.854999542236328,30.174999237060547,39600.0,17.32988929748535
2004-09-01,30.079999923706055,29.899999618530273,29.899999618530273,29.924999237060547,52000.0,17.186315536499023
2004-09-02,30.434999465942383,30.225000381469727,30.280000686645508,30.34000015258789,6200.0,17.42465591430664
2004-09-03,30.239999771118164,30.045000076293945,30.075000762939453,30.239999771118164,36600.0,17.367225646972656
2004-09-07,29.90999984741211,29.78499984741211,29.864999771118164,29.90999984741211,8200.0,17.177698135375977
2004-09-08,29.844999313354492,29.774999618530273,29.774999618530273,29.844999313354492,2600.0,17.140369415283203
2004-09-09,29.985000610351562,29.850000381469727,29.850000381469727,29.975000381469727,3400.0,17.21503257751465
2004-09-10,30.700000762939453,30.290000915527344,30.354999542236328,30.6299991607666,39800.0,17.591205596923828
2004-09-13,30.684999465942383,30.524999618530273,30.625,30.540000915527344,16000.0,17.539518356323242
2004-09-14,31.145000457763672,30.764999389648438,30.9950008392334,30.924999237060547,1800.0,17.7606258392334
2004-09-15,30.69499969482422,30.489999771118164,30.69499969482422,30.549999237060547,27200.0,17.545259475708008
2004-09-16,31.110000610351562,30.69499969482422,30.760000228881836,31.110000610351562,65600.0,17.866872787475586
2004-09-17,31.354999542236328,31.155000686645508,31.174999237060547,31.350000381469727,8600.0,18.00471305847168
2004-09-20,31.579999923706055,31.3700008392334,31.440000534057617,31.520000457763672,19000.0,18.10234260559082
2004-09-21,32.2400016784668,31.915000915527344,31.940000534057617,32.165000915527344,39800.0,18.472776412963867
2004-09-22,31.774999618530273,31.6200008392334,31.649999618530273,31.674999237060547,34200.0,18.191356658935547
2004-09-23,32.150001525878906,31.959999084472656,32.150001525878906,31.96500015258789,15800.0,18.357912063598633
2004-09-24,32.10499954223633,31.96500015258789,32.095001220703125,32.084999084472656,26200.0,18.426828384399414
2004-09-27,31.975000381469727,31.774999618530273,31.905000686645508,31.950000762939453,3600.0,18.34929656982422
2004-09-28,32.51499938964844,32.14500045776367,32.14500045776367,32.459999084472656,9400.0,18.642194747924805
2004-09-29,32.54499816894531,32.349998474121094,32.349998474121094,32.54499816894531,11800.0,18.691011428833008
2004-09-30,32.625,32.375,32.400001525878906,32.5,29600.0,18.665172576904297
2004-10-01,32.79999923706055,32.54999923706055,32.599998474121094,32.790000915527344,35800.0,18.83172035217285
2004-10-04,32.64500045776367,32.525001525878906,32.54999923706055,32.564998626708984,127000.0,18.702499389648438
2004-10-05,32.375,32.125,32.125,32.35499954223633,7800.0,18.581892013549805
2004-10-06,32.70500183105469,32.55500030517578,32.55500030517578,32.685001373291016,20600.0,18.77141761779785
2004-10-07,32.709999084472656,32.56999969482422,32.685001373291016,32.57500076293945,14000.0,18.7082462310791
2004-10-08,33.02000045776367,32.875,32.875,32.935001373291016,6400.0,18.91499900817871
2004-10-11,33.0,32.720001220703125,33.0,32.755001068115234,65200.0,18.811616897583008
2004-10-12,32.32500076293945,32.084999084472656,32.209999084472656,32.220001220703125,35000.0,18.504364013671875
2004-10-13,31.790000915527344,31.424999237060547,31.559999465942383,31.790000915527344,27000.0,18.257408142089844
2004-10-14,32.19499969482422,31.825000762939453,31.825000762939453,32.10499954223633,3000.0,18.438316345214844
2004-10-15,32.84000015258789,32.42499923706055,32.42499923706055,32.84000015258789,24800.0,18.86043357849121
2004-10-18,33.1150016784668,32.875,33.064998626708984,33.06999969482422,12400.0,18.99252700805664
2004-10-19,33.084999084472656,32.91999816894531,33.06999969482422,33.02000045776367,40400.0,18.96381187438965
2004-10-20,32.900001525878906,32.69499969482422,32.775001525878906,32.900001525878906,36800.0,18.8948917388916
2004-10-21,33.33000183105469,33.07500076293945,33.13999938964844,33.27000045776367,16400.0,19.10738754272461
2004-10-22,33.6150016784668,33.439998626708984,33.505001068115234,33.439998626708984,11000.0,19.20502471923828
2004-10-25,33.595001220703125,33.21500015258789,33.54999923706055,33.375,34600.0,19.167692184448242
2004-10-26,33.994998931884766,33.564998626708984,33.595001220703125,33.994998931884766,79400.0,19.523767471313477
2004-10-27,34.369998931884766,34.150001525878906,34.28499984741211,34.18000030517578,60200.0,19.630016326904297
2004-10-28,34.21500015258789,33.904998779296875,33.90999984741211,34.099998474121094,10000.0,19.584068298339844
2004-10-29,34.19499969482422,33.83000183105469,34.099998474121094,34.19499969482422,49800.0,19.638629913330078
2004-11-01,34.41999816894531,34.275001525878906,34.32500076293945,34.345001220703125,53600.0,19.724773406982422
2004-11-02,34.255001068115234,34.064998626708984,34.17499923706055,34.18000030517578,20400.0,19.630016326904297
2004-11-03,34.70000076293945,34.42499923706055,34.42499923706055,34.625,22200.0,19.88558578491211
2004-11-04,34.994998931884766,34.67499923706055,34.77000045776367,34.974998474121094,78600.0,20.08659553527832
2004-11-05,35.31999969482422,35.064998626708984,35.06999969482422,35.31999969482422,17000.0,20.284730911254883
2004-11-08,35.125,34.95000076293945,34.9900016784668,34.95000076293945,57400.0,20.07223892211914
2004-11-09,35.314998626708984,35.07500076293945,35.11000061035156,35.244998931884766,14600.0,20.241655349731445
2004-11-10,35.43000030517578,35.19499969482422,35.42499923706055,35.25,48000.0,20.24452781677246
2004-11-11,35.65999984741211,35.540000915527344,35.54999923706055,35.630001068115234,23600.0,20.462772369384766
2004-11-12,35.7400016784668,35.45000076293945,35.5,35.709999084472656,59200.0,20.508716583251953
2004-11-15,36.20000076293945,36.029998779296875,36.04999923706055,36.20000076293945,50800.0,20.790124893188477
2004-11-16,36.19499969482422,35.92499923706055,35.974998474121094,36.19499969482422,28200.0,20.787256240844727
2004-11-17,36.775001525878906,36.46500015258789,36.46500015258789,36.70000076293945,43000.0,21.077285766601562
2004-11-18,36.54999923706055,36.275001525878906,36.349998474121094,36.4900016784668,45000.0,20.95667839050293
2004-11-19,36.57500076293945,36.45000076293945,36.54999923706055,36.5,52000.0,20.962421417236328
2004-11-22,36.54499816894531,36.30500030517578,36.375,36.54499816894531,46000.0,20.98827362060547
2004-11-23,36.45000076293945,36.29999923706055,36.45000076293945,36.42499923706055,42000.0,20.919349670410156
2004-11-24,36.8849983215332,36.60499954223633,36.67499923706055,36.8849983215332,48000.0,21.183534622192383
2004-11-26,37.82500076293945,37.689998626708984,37.79999923706055,37.80500030517578,33000.0,21.711904525756836
2004-11-29,38.994998931884766,38.474998474121094,38.599998474121094,38.994998931884766,112000.0,22.39533042907715
2004-11-30,38.92499923706055,38.599998474121094,38.900001525878906,38.76499938964844,88800.0,22.263242721557617
2004-12-01,38.994998931884766,38.505001068115234,38.59000015258789,38.9900016784668,162200.0,22.3924560546875
2004-12-02,38.75,38.2599983215332,38.67499923706055,38.595001220703125,44200.0,22.165603637695312
2004-12-03,38.869998931884766,38.17499923706055,38.29999923706055,38.8650016784668,36400.0,22.3206787109375
2004-12-06,38.47999954223633,37.97999954223633,38.275001525878906,38.275001525878906,82200.0,21.981828689575195
2004-12-07,38.150001525878906,37.560001373291016,38.150001525878906,37.560001373291016,79400.0,21.571195602416992
2004-12-08,37.130001068115234,36.834999084472656,36.875,36.900001525878906,107600.0,21.192148208618164
2004-12-09,37.52000045776367,37.029998779296875,37.04999923706055,37.52000045776367,125200.0,21.548221588134766
2004-12-10,37.3849983215332,36.78499984741211,36.900001525878906,37.25,28000.0,21.393152236938477
2004-12-13,38.154998779296875,37.70500183105469,37.810001373291016,38.099998474121094,68800.0,21.88132095336914
2004-12-14,38.57500076293945,38.04999923706055,38.099998474121094,38.474998474121094,62200.0,22.096689224243164
2004-12-15,39.005001068115234,38.400001525878906,38.400001525878906,39.005001068115234,67200.0,22.401071548461914
2004-12-16,38.92499923706055,38.224998474121094,38.92499923706055,38.224998474121094,28600.0,21.953109741210938
2004-12-17,38.584999084472656,38.29999923706055,38.400001525878906,38.584999084472656,14400.0,22.159868240356445
2004-12-20,39.03499984741211,38.75,38.75,38.94499969482422,39800.0,22.366615295410156
2004-12-21,39.665000915527344,39.17499923706055,39.25,39.61000061035156,70600.0,22.748538970947266
2004-12-22,40.17499923706055,39.584999084472656,39.650001525878906,40.15999984741211,122400.0,23.064409255981445
2004-12-23,39.5,39.26499938964844,39.26499938964844,39.400001525878906,173200.0,22.973447799682617
2004-12-27,39.314998626708984,39.130001068115234,39.20000076293945,39.314998626708984,27400.0,22.923885345458984
2004-12-28,39.724998474121094,39.42499923706055,39.42499923706055,39.724998474121094,42000.0,23.16295051574707
2004-12-29,39.525001525878906,39.20500183105469,39.349998474121094,39.3849983215332,125000.0,22.964698791503906
2004-12-30,39.775001525878906,39.400001525878906,39.5,39.70000076293945,17600.0,23.148372650146484
2004-12-31,39.82500076293945,39.599998474121094,39.599998474121094,39.79999923706055,17200.0,23.206676483154297
2005-01-03,40.275001525878906,39.5,39.5,40.150001525878906,80800.0,23.4107608795166
2005-01-04,39.349998474121094,38.525001525878906,39.20000076293945,38.654998779296875,116800.0,22.539045333862305
2005-01-05,37.92499923706055,37.275001525878906,37.92499923706055,37.60499954223633,87800.0,21.926809310913086
2005-01-06,36.744998931884766,36.29499816894531,36.599998474121094,36.5,124600.0,21.28250503540039
2005-01-07,36.75,36.54999923706055,36.70000076293945,36.69499969482422,229400.0,21.39620590209961
2005-01-10,37.6150016784668,36.875,36.95000076293945,37.349998474121094,88400.0,21.778127670288086
2005-01-11,37.20000076293945,36.849998474121094,37.20000076293945,37.17499923706055,63800.0,21.67608642578125
2005-01-12,37.415000915527344,37.060001373291016,37.1150016784668,37.415000915527344,35600.0,21.81602668762207
2005-01-13,37.07500076293945,36.5,37.07500076293945,36.505001068115234,20200.0,21.28542137145996
2005-01-14,37.04999923706055,36.689998626708984,36.775001525878906,36.70500183105469,21200.0,21.402040481567383
2005-01-18,35.75,35.400001525878906,35.57500076293945,35.70500183105469,58400.0,20.818958282470703
2005-01-19,35.82500076293945,35.18000030517578,35.709999084472656,35.18000030517578,68400.0,20.512834548950195
2005-01-20,35.45000076293945,35.13999938964844,35.334999084472656,35.310001373291016,58800.0,20.588638305664062
2005-01-21,36.29999923706055,35.72999954223633,35.875,36.20000076293945,36000.0,21.107576370239258
2005-01-24,36.9900016784668,36.505001068115234,36.650001525878906,36.8849983215332,89200.0,21.506994247436523
2005-01-25,36.8650016784668,36.04999923706055,36.8650016784668,36.07500076293945,74200.0,21.034700393676758
2005-01-26,36.810001373291016,36.525001525878906,36.525001525878906,36.76499938964844,36600.0,21.437026977539062
2005-01-27,37.400001525878906,36.32500076293945,37.275001525878906,36.349998474121094,80200.0,21.195049285888672
2005-01-28,37.119998931884766,36.900001525878906,37.025001525878906,37.119998931884766,15200.0,21.644018173217773
2005-01-31,37.45000076293945,37.18000030517578,37.349998474121094,37.20000076293945,27800.0,21.69066619873047
2005-02-01,37.23500061035156,36.79499816894531,36.959999084472656,37.125,78200.0,21.646940231323242
2005-02-02,37.099998474121094,36.625,37.099998474121094,36.70500183105469,30600.0,21.402040481567383
2005-02-03,36.369998931884766,36.05500030517578,36.17499923706055,36.369998931884766,36200.0,21.20670509338379
2005-02-04,36.560001373291016,36.20000076293945,36.34000015258789,36.525001525878906,70600.0,21.29708480834961
2005-02-07,36.04999923706055,35.79999923706055,36.0,35.79999923706055,38800.0,20.874347686767578
2005-02-08,35.79999923706055,35.525001525878906,35.70000076293945,35.650001525878906,20200.0,20.786888122558594
2005-02-09,36.28499984741211,35.775001525878906,35.775001525878906,36.2599983215332,38000.0,21.14256477355957
2005-02-10,36.689998626708984,36.23500061035156,36.244998931884766,36.689998626708984,10000.0,21.393291473388672
2005-02-11,37.375,36.92499923706055,36.92499923706055,37.29999923706055,13000.0,21.74897003173828
2005-02-14,37.91999816894531,37.5,37.5,37.91999816894531,39200.0,22.110483169555664
2005-02-15,38.13999938964844,37.400001525878906,37.400001525878906,38.13999938964844,18600.0,22.238767623901367
2005-02-16,38.07500076293945,37.8849983215332,38.0,38.05500030517578,35000.0,22.1892032623291
2005-02-17,38.625,38.32500076293945,38.45000076293945,38.625,42200.0,22.521556854248047
2005-02-18,38.7599983215332,38.625,38.625,38.70000076293945,5400.0,22.565290451049805
2005-02-22,40.25,39.650001525878906,39.650001525878906,40.03499984741211,59800.0,23.34370231628418
2005-02-23,40.20000076293945,39.845001220703125,40.099998474121094,39.935001373291016,48000.0,23.2853946685791
2005-02-24,40.19499969482422,39.70000076293945,39.95500183105469,40.19499969482422,58400.0,23.436996459960938
2005-02-25,41.25,40.10499954223633,40.125,41.17499923706055,67200.0,24.008419036865234
2005-02-28,41.525001525878906,40.275001525878906,41.45000076293945,40.275001525878906,118200.0,23.4836483001709
2005-03-01,40.5,40.32500076293945,40.42499923706055,40.404998779296875,29000.0,23.5594425201416
2005-03-02,39.935001373291016,39.599998474121094,39.599998474121094,39.82500076293945,45800.0,23.221254348754883
2005-03-03,39.82500076293945,39.25,39.82500076293945,39.48500061035156,19400.0,23.023008346557617
2005-03-04,40.900001525878906,39.95000076293945,39.95000076293945,40.88999938964844,25400.0,23.842239379882812
2005-03-07,40.435001373291016,40.17499923706055,40.25,40.41999816894531,62400.0,23.568187713623047
2005-03-08,41.224998474121094,40.935001373291016,40.974998474121094,41.0,56800.0,23.90638542175293
2005-03-09,41.525001525878906,41.10499954223633,41.150001525878906,41.42499923706055,39400.0,24.154190063476562
2005-03-10,40.84000015258789,40.459999084472656,40.775001525878906,40.560001373291016,91000.0,23.649816513061523
2005-03-11,40.82500076293945,40.189998626708984,40.54999923706055,40.21500015258789,15600.0,23.44866180419922
2005-03-14,39.875,39.54999923706055,39.875,39.70000076293945,31400.0,23.148372650146484
2005-03-15,39.025001525878906,38.21500015258789,39.025001525878906,38.21500015258789,103600.0,22.28249740600586
2005-03-16,38.32500076293945,38.08000183105469,38.29999923706055,38.08000183105469,34200.0,22.203781127929688
2005-03-17,38.755001068115234,37.849998474121094,38.025001525878906,38.75,69600.0,22.594440460205078
2005-03-18,38.79999923706055,38.46500015258789,38.625,38.474998474121094,48600.0,22.434091567993164
2005-03-21,38.32500076293945,37.349998474121094,38.32500076293945,37.36000061035156,74400.0,21.78395652770996
2005-03-22,38.0,36.810001373291016,37.55500030517578,36.810001373291016,73400.0,21.463268280029297
2005-03-23,36.665000915527344,36.04999923706055,36.57500076293945,36.09000015258789,61600.0,21.043441772460938
2005-03-24,36.3650016784668,36.025001525878906,36.04999923706055,36.150001525878906,41400.0,21.078426361083984
2005-03-28,35.64500045776367,35.42499923706055,35.42499923706055,35.5,19600.0,20.699426651000977
2005-03-29,35.650001525878906,35.17499923706055,35.54999923706055,35.17499923706055,36400.0,20.509923934936523
2005-03-30,36.375,35.57500076293945,35.72999954223633,36.375,34800.0,21.209623336791992
2005-03-31,36.75,36.45000076293945,36.75,36.599998474121094,40000.0,21.340818405151367
2005-04-01,37.27000045776367,37.060001373291016,37.23500061035156,37.150001525878906,43200.0,21.661514282226562
2005-04-04,36.775001525878906,36.30500030517578,36.775001525878906,36.5,25600.0,21.28250503540039
2005-04-05,36.81999969482422,36.53499984741211,36.53499984741211,36.814998626708984,18000.0,21.4661808013916
2005-04-06,37.40999984741211,37.279998779296875,37.32500076293945,37.400001525878906,23800.0,21.807283401489258
2005-04-07,37.44499969482422,37.25,37.32500076293945,37.310001373291016,14600.0,21.754802703857422
2005-04-08,37.279998779296875,37.125,37.189998626708984,37.25,7200.0,21.719816207885742
2005-04-11,37.275001525878906,37.119998931884766,37.275001525878906,37.119998931884766,21000.0,21.644018173217773
2005-04-12,37.13999938964844,36.650001525878906,36.67499923706055,37.13999938964844,29200.0,21.65567970275879
2005-04-13,36.67499923706055,36.349998474121094,36.349998474121094,36.43000030517578,21400.0,21.24169158935547
2005-04-14,36.0,35.724998474121094,36.0,35.724998474121094,22200.0,20.830617904663086
2005-04-15,35.935001373291016,35.32500076293945,35.70000076293945,35.32500076293945,29800.0,20.597389221191406
2005-04-18,35.525001525878906,35.05500030517578,35.20000076293945,35.52000045776367,21800.0,20.711088180541992
2005-04-19,36.6150016784668,36.125,36.20000076293945,36.6150016784668,36800.0,21.34956169128418
2005-04-20,36.69499969482422,36.20000076293945,36.20000076293945,36.564998626708984,18000.0,21.32040786743164
2005-04-21,36.900001525878906,36.43000030517578,36.55500030517578,36.900001525878906,70000.0,21.5157413482666
2005-04-22,36.75,36.21500015258789,36.75,36.275001525878906,40600.0,21.15130615234375
2005-04-25,36.32500076293945,36.20500183105469,36.25,36.255001068115234,32000.0,21.139650344848633
2005-04-26,36.57500076293945,36.255001068115234,36.56999969482422,36.29499816894531,22400.0,21.162973403930664
2005-04-27,36.5,36.255001068115234,36.29999923706055,36.48500061035156,39600.0,21.273767471313477
2005-04-28,35.76499938964844,35.310001373291016,35.76499938964844,35.34000015258789,11600.0,20.60613250732422
2005-04-29,36.04999923706055,35.60499954223633,36.04999923706055,35.86000061035156,39200.0,20.909334182739258
2005-05-02,36.099998474121094,35.56999969482422,36.099998474121094,35.70500183105469,36400.0,20.818958282470703
2005-05-03,36.064998626708984,35.900001525878906,35.900001525878906,35.95000076293945,17600.0,20.961814880371094
2005-05-04,37.07500076293945,36.57500076293945,36.57500076293945,37.04999923706055,93200.0,21.60320281982422
2005-05-05,37.5,37.21500015258789,37.375,37.42499923706055,37000.0,21.821857452392578
2005-05-06,37.70500183105469,37.15999984741211,37.224998474121094,37.70500183105469,49200.0,21.985122680664062
2005-05-09,37.82500076293945,37.6150016784668,37.775001525878906,37.724998474121094,26000.0,21.996776580810547
2005-05-10,37.375,36.97999954223633,37.375,36.97999954223633,5600.0,21.562389373779297
2005-05-11,37.150001525878906,37.025001525878906,37.150001525878906,37.064998626708984,62800.0,21.611949920654297
2005-05-12,36.82500076293945,35.974998474121094,36.82500076293945,36.0,41800.0,20.990970611572266
2005-05-13,35.70000076293945,35.26499938964844,35.650001525878906,35.31999969482422,15200.0,20.594470977783203
2005-05-16,35.80500030517578,35.48500061035156,35.48500061035156,35.80500030517578,9200.0,20.87726593017578
2005-05-17,35.375,35.099998474121094,35.375,35.35499954223633,34800.0,20.614877700805664
2005-05-18,36.040000915527344,35.625,35.625,36.040000915527344,44000.0,21.014291763305664
2005-05-19,36.130001068115234,35.89500045776367,36.0,36.0,77400.0,20.990970611572266
2005-05-20,35.525001525878906,35.275001525878906,35.5,35.41999816894531,20000.0,20.65277671813965
2005-05-23,35.70000076293945,35.505001068115234,35.685001373291016,35.66999816894531,20800.0,20.79854393005371
2005-05-24,35.564998626708984,35.2400016784668,35.415000915527344,35.564998626708984,45400.0,20.73732566833496
2005-05-25,35.98500061035156,35.70000076293945,35.724998474121094,35.8849983215332,6000.0,20.923906326293945
2005-05-26,35.88999938964844,35.564998626708984,35.70000076293945,35.88999938964844,46000.0,20.92682647705078
2005-05-27,36.349998474121094,35.650001525878906,35.724998474121094,36.349998474121094,14800.0,21.195049285888672
2005-05-31,35.400001525878906,34.125,35.33000183105469,34.599998474121094,128200.0,20.17464828491211
2005-06-01,34.21500015258789,33.79999923706055,33.92499923706055,33.95000076293945,55800.0,19.7956485748291
2005-06-02,34.720001220703125,34.20000076293945,34.20000076293945,34.584999084472656,49000.0,20.165903091430664
2005-06-03,35.0,34.40999984741211,34.724998474121094,34.45000076293945,41600.0,20.08718490600586
2005-06-06,35.66999816894531,35.400001525878906,35.5,35.6349983215332,51200.0,20.778139114379883
2005-06-07,36.03499984741211,35.625,36.029998779296875,35.724998474121094,37000.0,20.830617904663086
2005-06-08,35.59000015258789,34.81999969482422,35.59000015258789,34.81999969482422,14800.0,20.302932739257812
2005-06-09,34.90999984741211,33.5,33.5,34.90999984741211,14600.0,20.35540771484375
2005-06-10,35.025001525878906,34.880001068115234,34.95000076293945,34.92499923706055,19600.0,20.364152908325195
2005-06-13,35.154998779296875,34.75,34.81999969482422,35.08000183105469,11000.0,20.454530715942383
2005-06-14,35.06999969482422,34.779998779296875,35.06999969482422,34.900001525878906,8000.0,20.349578857421875
2005-06-15,35.51499938964844,35.185001373291016,35.224998474121094,35.51499938964844,2200.0,20.708168029785156
2005-06-16,35.915000915527344,35.57500076293945,35.67499923706055,35.84000015258789,18200.0,20.897666931152344
2005-06-17,36.619998931884766,36.17499923706055,36.20000076293945,36.4900016784668,58200.0,21.276676177978516
2005-06-20,36.125,35.96500015258789,36.10499954223633,36.125,19000.0,21.06385040283203
2005-06-21,36.1150016784668,35.79999923706055,35.79999923706055,36.07500076293945,32200.0,21.034700393676758
2005-06-22,36.125,36.04999923706055,36.125,36.1150016784668,15200.0,21.058019638061523
2005-06-23,36.04999923706055,35.75,35.79499816894531,35.779998779296875,30000.0,20.862686157226562
2005-06-24,35.900001525878906,35.77000045776367,35.83000183105469,35.83000183105469,11600.0,20.891843795776367
2005-06-27,36.064998626708984,35.654998779296875,35.654998779296875,36.064998626708984,11400.0,21.02886199951172
2005-06-28,36.29499816894531,36.125,36.125,36.20000076293945,27000.0,21.107576370239258
2005-06-29,36.150001525878906,36.0,36.150001525878906,36.03499984741211,23800.0,21.01137351989746
2005-06-30,36.314998626708984,36.099998474121094,36.314998626708984,36.244998931884766,7200.0,21.133817672729492
2005-07-01,36.20000076293945,35.529998779296875,36.20000076293945,35.529998779296875,13400.0,20.716917037963867
2005-07-05,36.0099983215332,35.560001373291016,35.57500076293945,35.95000076293945,53000.0,20.961814880371094
2005-07-06,36.29499816894531,35.814998626708984,35.959999084472656,36.02000045776367,85800.0,21.00262451171875
2005-07-07,36.150001525878906,35.814998626708984,35.814998626708984,36.150001525878906,35000.0,21.078426361083984
2005-07-08,36.154998779296875,35.89500045776367,35.89500045776367,36.154998779296875,11800.0,21.081340789794922
2005-07-11,37.529998779296875,36.48500061035156,36.5,37.529998779296875,123000.0,21.883081436157227
2005-07-12,38.880001068115234,38.34000015258789,38.45000076293945,38.83000183105469,112200.0,22.64109230041504
2005-07-13,38.75,38.439998626708984,38.75,38.5,23800.0,22.44866943359375
2005-07-14,39.25,38.790000915527344,38.790000915527344,39.04999923706055,56400.0,22.769359588623047
2005-07-15,38.88999938964844,38.685001373291016,38.88999938964844,38.77000045776367,5000.0,22.606109619140625
2005-07-18,38.82500076293945,38.599998474121094,38.709999084472656,38.69499969482422,50800.0,22.5623722076416
2005-07-19,38.79999923706055,38.29999923706055,38.3650016784668,38.79999923706055,11800.0,22.623600006103516
2005-07-20,39.28499984741211,38.369998931884766,38.369998931884766,39.28499984741211,33200.0,22.906394958496094
2005-07-21,39.400001525878906,39.029998779296875,39.029998779296875,39.369998931884766,28000.0,22.955957412719727
2005-07-22,39.349998474121094,39.154998779296875,39.17499923706055,39.349998474121094,35800.0,22.94428825378418
2005-07-25,39.345001220703125,39.099998474121094,39.185001373291016,39.099998474121094,22400.0,22.798521041870117
2005-07-26,38.76499938964844,38.5,38.5,38.64500045776367,34800.0,22.53322410583496
2005-07-27,39.224998474121094,39.099998474121094,39.099998474121094,39.185001373291016,16200.0,22.848085403442383
2005-07-28,39.525001525878906,39.35499954223633,39.375,39.39500045776367,31400.0,22.970529556274414
2005-07-29,39.415000915527344,39.279998779296875,39.279998779296875,39.349998474121094,10200.0,22.94428825378418
2005-08-01,40.36000061035156,40.02000045776367,40.02000045776367,40.17499923706055,33400.0,23.425334930419922
2005-08-02,40.63999938964844,40.5,40.53499984741211,40.529998779296875,14800.0,23.632328033447266
2005-08-03,41.23500061035156,40.88999938964844,40.88999938964844,41.23500061035156,22600.0,24.043407440185547
2005-08-04,41.3849983215332,41.17499923706055,41.20000076293945,41.220001220703125,66000.0,24.0346622467041
2005-08-05,41.125,40.79499816894531,41.125,40.79499816894531,28600.0,23.78684425354004
2005-08-08,41.40999984741211,41.19499969482422,41.19499969482422,41.244998931884766,25400.0,24.04923439025879
2005-08-09,41.314998626708984,41.25,41.290000915527344,41.314998626708984,20200.0,24.090045928955078
2005-08-10,42.529998779296875,42.21500015258789,42.44499969482422,42.25,73600.0,24.635231018066406
2005-08-11,42.810001373291016,42.459999084472656,42.459999084472656,42.810001373291016,33200.0,24.96175765991211
2005-08-12,42.625,42.439998626708984,42.439998626708984,42.625,31800.0,24.8538875579834
2005-08-15,42.505001068115234,42.125,42.189998626708984,42.505001068115234,24400.0,24.78391456604004
2005-08-16,42.23500061035156,42.064998626708984,42.209999084472656,42.16999816894531,26400.0,24.588577270507812
2005-08-17,41.34000015258789,41.084999084472656,41.1349983215332,41.099998474121094,45800.0,23.964689254760742
2005-08-18,40.875,40.68000030517578,40.69499969482422,40.80500030517578,36400.0,23.792673110961914
2005-08-19,41.3650016784668,40.86000061035156,41.20000076293945,40.869998931884766,33800.0,23.83057975769043
2005-08-22,41.79999923706055,41.21500015258789,41.724998474121094,41.21500015258789,19800.0,24.03173828125
2005-08-23,41.564998626708984,41.23500061035156,41.5,41.52000045776367,23400.0,24.20958137512207
2005-08-24,41.41999816894531,41.0,41.31999969482422,41.0,51400.0,23.90638542175293
2005-08-25,41.29499816894531,41.130001068115234,41.244998931884766,41.25,4400.0,24.052148818969727
2005-08-26,41.03499984741211,40.8849983215332,40.970001220703125,40.974998474121094,20000.0,23.891801834106445
2005-08-29,41.2599983215332,40.81999969482422,40.8650016784668,41.18000030517578,18400.0,24.011337280273438
2005-08-30,40.904998779296875,40.525001525878906,40.904998779296875,40.68000030517578,22800.0,23.719789505004883
2005-08-31,42.32500076293945,41.03499984741211,41.03499984741211,42.29999923706055,41600.0,24.664386749267578
2005-09-01,43.53499984741211,42.73500061035156,42.73500061035156,43.41999816894531,60800.0,25.317440032958984
2005-09-02,44.02000045776367,43.68000030517578,43.79499816894531,43.974998474121094,50200.0,25.641048431396484
2005-09-06,43.82500076293945,43.459999084472656,43.79999923706055,43.52000045776367,205200.0,25.37574005126953
2005-09-07,43.744998931884766,43.40999984741211,43.42499923706055,43.654998779296875,94200.0,25.454463958740234
2005-09-08,43.900001525878906,43.47999954223633,43.8650016784668,43.54499816894531,43400.0,25.390317916870117
2005-09-09,44.029998779296875,43.80500030517578,43.974998474121094,43.970001220703125,32000.0,25.638139724731445
2005-09-12,43.959999084472656,43.654998779296875,43.755001068115234,43.814998626708984,109200.0,25.547760009765625
2005-09-13,43.73500061035156,43.54999923706055,43.73500061035156,43.595001220703125,31600.0,25.419475555419922
2005-09-14,43.724998474121094,43.525001525878906,43.70000076293945,43.625,35800.0,25.436973571777344
2005-09-15,43.724998474121094,43.58000183105469,43.6150016784668,43.724998474121094,57800.0,25.495275497436523
2005-09-16,44.25,43.95500183105469,44.150001525878906,44.2400016784668,36600.0,25.79556655883789
2005-09-19,44.209999084472656,43.82500076293945,44.185001373291016,44.16999816894531,64600.0,25.754743576049805
2005-09-20,44.435001373291016,43.68000030517578,44.404998779296875,43.88999938964844,39800.0,25.59148597717285
2005-09-21,44.47999954223633,44.2400016784668,44.275001525878906,44.47999954223633,37800.0,25.93550682067871
2005-09-22,44.55500030517578,44.23500061035156,44.29999923706055,44.44499969482422,29200.0,25.915096282958984
2005-09-23,43.994998931884766,43.665000915527344,43.869998931884766,43.994998931884766,24000.0,25.652698516845703
2005-09-26,44.119998931884766,43.83000183105469,43.875,44.0,34800.0,25.655624389648438
2005-09-27,44.459999084472656,43.959999084472656,44.3650016784668,43.994998931884766,59200.0,25.652698516845703
2005-09-28,44.75,44.41999816894531,44.45000076293945,44.71500015258789,217200.0,26.072532653808594
2005-09-29,45.77000045776367,45.130001068115234,45.20000076293945,45.724998474121094,107200.0,26.661436080932617
2005-09-30,46.029998779296875,45.849998474121094,45.849998474121094,46.0,63800.0,26.821786880493164
2005-10-03,45.3650016784668,45.05500030517578,45.26499938964844,45.29499816894531,182400.0,26.41071891784668
2005-10-04,45.25,44.64500045776367,45.224998474121094,44.64500045776367,59000.0,26.031709671020508
2005-10-05,44.154998779296875,43.90999984741211,44.02000045776367,43.959999084472656,103200.0,25.632301330566406
2005-10-06,43.3650016784668,42.56999969482422,43.3650016784668,42.630001068115234,104600.0,24.85680389404297
2005-10-07,42.64500045776367,42.1150016784668,42.220001220703125,42.63999938964844,114600.0,24.862638473510742
2005-10-10,42.7599983215332,42.60499954223633,42.7599983215332,42.60499954223633,46800.0,24.842226028442383
2005-10-11,43.21500015258789,42.904998779296875,43.165000915527344,42.994998931884766,54400.0,25.06962776184082
2005-10-12,43.0,42.540000915527344,42.88999938964844,42.724998474121094,63600.0,24.912195205688477
2005-10-13,41.470001220703125,41.04499816894531,41.439998626708984,41.470001220703125,108400.0,24.180423736572266
2005-10-14,41.334999084472656,40.935001373291016,41.0,41.334999084472656,85200.0,24.101707458496094
2005-10-17,42.63999938964844,42.290000915527344,42.345001220703125,42.63999938964844,90800.0,24.862638473510742
2005-10-18,42.029998779296875,41.41999816894531,41.98500061035156,41.41999816894531,56600.0,24.151273727416992
2005-10-19,41.275001525878906,40.5,40.54999923706055,41.275001525878906,39400.0,24.066720962524414
2005-10-20,41.61000061035156,40.939998626708984,41.29499816894531,40.939998626708984,46200.0,23.87139129638672
2005-10-21,41.099998474121094,40.56999969482422,41.025001525878906,40.880001068115234,30800.0,23.836406707763672
2005-10-24,42.275001525878906,41.275001525878906,41.275001525878906,42.275001525878906,41000.0,24.64980697631836
2005-10-25,42.1349983215332,41.67499923706055,41.959999084472656,41.685001373291016,34800.0,24.305789947509766
2005-10-26,42.27000045776367,41.95000076293945,42.23500061035156,41.974998474121094,40400.0,24.47488021850586
2005-10-27,42.06999969482422,41.14500045776367,42.03499984741211,41.14500045776367,37800.0,23.990924835205078
2005-10-28,41.665000915527344,41.185001373291016,41.3650016784668,41.665000915527344,50400.0,24.294132232666016
2005-10-31,41.790000915527344,41.560001373291016,41.560001373291016,41.775001525878906,103800.0,24.358266830444336
2005-11-01,42.43000030517578,42.349998474121094,42.400001525878906,42.375,43600.0,24.708112716674805
2005-11-02,43.22999954223633,42.744998931884766,42.84000015258789,43.22999954223633,55200.0,25.20665168762207
2005-11-03,44.435001373291016,44.08000183105469,44.20500183105469,44.099998474121094,60800.0,25.713937759399414
2005-11-04,43.88999938964844,42.790000915527344,43.81999969482422,43.27000045776367,196800.0,25.229976654052734
2005-11-07,43.76499938964844,43.22999954223633,43.27000045776367,43.494998931884766,100600.0,25.36117172241211
2005-11-08,42.83000183105469,42.56999969482422,42.83000183105469,42.779998779296875,50800.0,24.94426918029785
2005-11-09,42.79499816894531,42.33000183105469,42.375,42.76499938964844,205400.0,24.93552017211914
2005-11-10,43.39500045776367,42.8650016784668,42.875,43.29499816894531,79000.0,25.244556427001953
2005-11-11,43.415000915527344,43.23500061035156,43.25,43.415000915527344,17200.0,25.31452751159668
2005-11-14,44.119998931884766,43.8650016784668,43.9900016784668,43.880001068115234,60800.0,25.585657119750977
2005-11-15,44.20000076293945,43.80500030517578,43.90999984741211,43.95000076293945,46800.0,25.626468658447266
2005-11-16,44.45000076293945,43.849998474121094,43.91999816894531,44.45000076293945,72000.0,25.918014526367188
2005-11-17,45.0,44.52000045776367,44.88999938964844,45.0,49400.0,26.238698959350586
2005-11-18,45.439998626708984,45.18000030517578,45.28499984741211,45.439998626708984,164600.0,26.49526023864746
2005-11-21,46.185001373291016,45.8849983215332,45.939998626708984,46.185001373291016,127000.0,26.929662704467773
2005-11-22,46.02000045776367,45.33000183105469,45.33000183105469,46.02000045776367,61200.0,26.833454132080078
2005-11-23,46.30500030517578,45.83000183105469,45.900001525878906,46.22999954223633,108200.0,26.95590591430664
2005-11-25,46.67499923706055,46.314998626708984,46.67499923706055,46.415000915527344,30000.0,27.063764572143555
2005-11-28,46.15999984741211,45.900001525878906,46.01499938964844,46.05500030517578,95800.0,26.85386085510254
2005-11-29,45.724998474121094,45.415000915527344,45.724998474121094,45.45500183105469,52200.0,26.504011154174805
2005-11-30,45.18000030517578,44.81999969482422,45.18000030517578,44.849998474121094,75400.0,26.1512393951416
2005-12-01,45.775001525878906,45.099998474121094,45.099998474121094,45.720001220703125,891400.0,26.658527374267578
2005-12-02,46.349998474121094,46.03499984741211,46.099998474121094,46.03499984741211,223000.0,26.84219741821289
2005-12-05,46.595001220703125,45.92499923706055,45.95500183105469,46.45000076293945,194800.0,27.084178924560547
2005-12-06,47.6349983215332,46.82500076293945,46.849998474121094,47.5099983215332,203200.0,27.702239990234375
2005-12-07,48.09000015258789,47.79999923706055,47.92499923706055,47.95000076293945,112400.0,27.95880126953125
2005-12-08,48.095001220703125,47.5,47.599998474121094,47.724998474121094,165000.0,27.827604293823242
2005-12-09,47.654998779296875,47.400001525878906,47.54999923706055,47.474998474121094,159000.0,27.681833267211914
2005-12-12,48.375,48.0,48.20000076293945,48.099998474121094,139000.0,28.046268463134766
2005-12-13,48.57500076293945,47.98500061035156,48.165000915527344,48.57500076293945,111000.0,28.323232650756836
2005-12-14,48.224998474121094,47.900001525878906,48.0,47.935001373291016,104200.0,27.950054168701172
2005-12-15,48.08000183105469,47.64500045776367,48.0,47.70000076293945,38600.0,27.813026428222656
2005-12-16,47.9900016784668,47.70000076293945,47.9900016784668,47.73500061035156,54600.0,27.83344078063965
2005-12-19,49.29499816894531,48.70000076293945,48.82500076293945,48.775001525878906,121800.0,28.439838409423828
2005-12-20,49.11000061035156,48.724998474121094,48.88999938964844,48.75,104400.0,28.425268173217773
2005-12-21,49.30500030517578,48.81999969482422,48.900001525878906,49.255001068115234,115400.0,28.7197208404541
2005-12-22,50.28499984741211,49.349998474121094,49.54999923706055,50.150001525878906,78800.0,29.2415771484375
2005-12-23,49.400001525878906,49.0,49.125,49.33000183105469,98000.0,29.338228225708008
2005-12-27,49.78499984741211,48.93000030517578,49.45000076293945,48.93000030517578,157800.0,29.100330352783203
2005-12-28,49.17499923706055,48.70000076293945,49.0,49.025001525878906,151000.0,29.156837463378906
2005-12-29,49.65999984741211,49.09000015258789,49.13999938964844,49.625,47800.0,29.513675689697266
2005-12-30,49.310001373291016,49.0,49.310001373291016,49.1150016784668,66000.0,29.210357666015625
2006-01-03,52.244998931884766,50.16999816894531,50.275001525878906,52.025001525878906,185800.0,30.941038131713867
2006-01-04,51.939998626708984,51.08000183105469,51.150001525878906,51.869998931884766,222800.0,30.84885025024414
2006-01-05,51.46500015258789,50.900001525878906,50.900001525878906,51.400001525878906,189000.0,30.569326400756836
2006-01-06,53.23500061035156,52.20000076293945,52.349998474121094,53.224998474121094,194800.0,31.65471076965332
2006-01-09,53.814998626708984,52.92499923706055,53.04999923706055,53.61000061035156,172600.0,31.88369369506836
2006-01-10,53.40999984741211,52.875,53.099998474121094,53.40999984741211,120000.0,31.764745712280273
2006-01-11,54.75,53.619998931884766,53.775001525878906,54.564998626708984,154000.0,32.45165252685547
2006-01-12,53.97999954223633,53.45000076293945,53.75,53.5,149600.0,31.818265914916992
2006-01-13,54.54999923706055,53.775001525878906,53.775001525878906,54.349998474121094,155400.0,32.32378387451172
2006-01-17,53.0,52.44499969482422,52.82500076293945,52.915000915527344,356400.0,31.470346450805664
2006-01-18,52.650001525878906,52.125,52.494998931884766,52.529998779296875,166400.0,31.241378784179688
2006-01-19,55.474998474121094,54.46500015258789,54.5,55.474998474121094,233400.0,32.99286651611328
2006-01-20,55.314998626708984,54.224998474121094,55.20000076293945,54.23500061035156,250200.0,32.255401611328125
2006-01-23,55.650001525878906,55.099998474121094,55.099998474121094,55.619998931884766,247800.0,33.0791130065918
2006-01-24,55.75,55.025001525878906,55.1150016784668,55.54999923706055,242200.0,33.0374755859375
2006-01-25,56.02000045776367,55.400001525878906,55.900001525878906,55.57500076293945,207800.0,33.05233383178711
2006-01-26,55.525001525878906,55.08000183105469,55.275001525878906,55.35499954223633,253400.0,32.92150115966797
2006-01-27,56.654998779296875,56.04999923706055,56.125,56.5,175000.0,33.60246658325195
2006-01-30,56.29999923706055,55.275001525878906,55.75,56.209999084472656,447400.0,33.429996490478516
2006-01-31,57.5,56.6150016784668,56.650001525878906,57.45000076293945,155600.0,34.1674690246582
2006-02-01,58.334999084472656,57.974998474121094,58.25,58.310001373291016,441200.0,34.67892837524414
2006-02-02,58.5,57.42499923706055,58.209999084472656,57.814998626708984,545600.0,34.384544372558594
2006-02-03,57.05500030517578,56.025001525878906,56.34000015258789,56.55500030517578,463200.0,33.63518142700195
2006-02-06,57.75,56.70000076293945,56.92499923706055,57.75,254600.0,34.345882415771484
2006-02-07,57.42499923706055,55.70000076293945,57.32500076293945,56.03499984741211,346600.0,33.3259162902832
2006-02-08,55.83000183105469,54.439998626708984,54.53499984741211,55.790000915527344,306200.0,33.18021011352539
2006-02-09,56.775001525878906,55.689998626708984,55.689998626708984,56.35499954223633,167800.0,33.51622772216797
2006-02-10,57.14500045776367,55.90999984741211,56.94499969482422,56.625,148200.0,33.67681121826172
2006-02-13,54.96500015258789,53.775001525878906,54.5,54.09000015258789,393600.0,32.169151306152344
2006-02-14,54.654998779296875,52.92499923706055,53.349998474121094,54.470001220703125,320600.0,32.39515686035156
2006-02-15,54.70000076293945,54.095001220703125,54.349998474121094,54.310001373291016,201600.0,32.29999923706055
2006-02-16,55.084999084472656,54.125,54.25,55.04999923706055,271000.0,32.74010467529297
2006-02-17,57.04999923706055,55.970001220703125,56.099998474121094,57.04999923706055,139800.0,33.92957305908203
2006-02-21,57.04999923706055,56.52000045776367,56.849998474121094,56.775001525878906,191800.0,33.766014099121094
2006-02-22,57.25,56.65999984741211,56.849998474121094,57.040000915527344,119400.0,33.92362976074219
2006-02-23,56.96500015258789,56.31999969482422,56.79999923706055,56.31999969482422,135000.0,33.495426177978516
2006-02-24,56.540000915527344,55.790000915527344,56.540000915527344,56.28499984741211,239600.0,33.47460174560547
2006-02-27,55.665000915527344,55.35499954223633,55.599998474121094,55.53499984741211,117400.0,33.02854919433594
2006-02-28,54.4900016784668,53.46500015258789,53.880001068115234,53.595001220703125,358800.0,31.8747615814209
2006-03-01,54.45000076293945,53.6349983215332,53.900001525878906,54.45000076293945,295800.0,32.383270263671875
2006-03-02,55.099998474121094,54.20500183105469,54.349998474121094,55.07500076293945,979400.0,32.754974365234375
2006-03-03,54.10499954223633,53.39500045776367,54.10499954223633,53.56999969482422,176200.0,31.859893798828125
2006-03-06,53.375,52.060001373291016,53.150001525878906,52.28499984741211,238200.0,31.09566879272461
2006-03-07,51.060001373291016,49.71500015258789,50.86000061035156,50.33000183105469,491000.0,29.932958602905273
2006-03-08,51.220001220703125,49.92499923706055,50.25,51.20000076293945,343600.0,30.45037841796875
2006-03-09,52.150001525878906,51.35499954223633,51.83000183105469,51.375,92800.0,30.554454803466797
2006-03-10,52.27000045776367,51.07500076293945,51.6349983215332,52.27000045776367,1010800.0,31.086740493774414
2006-03-13,52.8849983215332,52.5,52.775001525878906,52.68000030517578,203000.0,31.330585479736328
2006-03-14,54.625,53.314998626708984,53.5,54.599998474121094,221600.0,32.47247314453125
2006-03-15,55.8650016784668,55.23500061035156,55.459999084472656,55.8650016784668,153600.0,33.22481155395508
2006-03-16,55.45000076293945,55.0,55.36000061035156,55.2400016784668,153600.0,32.85309982299805
2006-03-17,56.07500076293945,55.53499984741211,56.07500076293945,55.720001220703125,80400.0,33.138580322265625
2006-03-20,56.064998626708984,55.224998474121094,56.064998626708984,55.310001373291016,99000.0,32.894737243652344
2006-03-21,55.744998931884766,54.5,55.744998931884766,54.5,157200.0,32.412994384765625
2006-03-22,55.625,54.73500061035156,54.75,55.625,80200.0,33.08208084106445
2006-03-23,56.314998626708984,55.625,55.625,55.875,259600.0,33.23075866699219
2006-03-24,57.154998779296875,55.9900016784668,55.9900016784668,56.95000076293945,120600.0,33.87010192871094
2006-03-27,57.47999954223633,56.845001220703125,57.415000915527344,57.29499816894531,170000.0,34.075279235839844
2006-03-28,57.1150016784668,55.94499969482422,56.625,56.1150016784668,228800.0,33.37350082397461
2006-03-29,56.970001220703125,55.755001068115234,55.8849983215332,56.970001220703125,90400.0,33.88199996948242
2006-03-30,58.56999969482422,57.665000915527344,58.125,58.1150016784668,199800.0,34.56296920776367
2006-03-31,57.95000076293945,57.20000076293945,57.95000076293945,57.505001068115234,112600.0,34.20017623901367
2006-04-03,59.935001373291016,58.5,59.0,59.345001220703125,1102800.0,35.29447937011719
2006-04-04,60.275001525878906,59.38999938964844,59.70000076293945,60.220001220703125,220000.0,35.814884185791016
2006-04-05,60.279998779296875,59.560001373291016,60.17499923706055,60.1150016784668,318600.0,35.75244140625
2006-04-06,59.345001220703125,58.43000030517578,59.25,59.29499816894531,241200.0,35.264747619628906
2006-04-07,58.82500076293945,57.900001525878906,58.625,58.0,216400.0,34.49456787109375
2006-04-10,58.625,57.875,58.42499923706055,58.099998474121094,118200.0,34.55403518676758
2006-04-11,58.915000915527344,57.66999816894531,58.724998474121094,57.775001525878906,208200.0,34.36075210571289
2006-04-12,58.720001220703125,58.0,58.0,58.54999923706055,98800.0,34.82167053222656
2006-04-13,58.54999923706055,57.845001220703125,58.125,58.42499923706055,111200.0,34.74732971191406
2006-04-17,59.61000061035156,59.02000045776367,59.22999954223633,59.42499923706055,125000.0,35.34206008911133
2006-04-18,61.349998474121094,60.06999969482422,60.125,61.349998474121094,122200.0,36.48693084716797
2006-04-19,61.57500076293945,60.375,60.625,61.57500076293945,229800.0,36.62074279785156
2006-04-20,61.150001525878906,59.30500030517578,61.04999923706055,59.775001525878906,213400.0,35.55022048950195
2006-04-21,60.3650016784668,59.58000183105469,59.775001525878906,60.28499984741211,165800.0,35.853538513183594
2006-04-24,59.75,59.04999923706055,59.650001525878906,59.3849983215332,143200.0,35.318275451660156
2006-04-25,59.41999816894531,58.8650016784668,59.07500076293945,58.95500183105469,116600.0,35.062538146972656
2006-04-26,59.61000061035156,59.064998626708984,59.150001525878906,59.474998474121094,170600.0,35.37180709838867
2006-04-27,59.459999084472656,58.43000030517578,58.67499923706055,58.505001068115234,149400.0,34.79491424560547
2006-04-28,60.35499954223633,59.505001068115234,59.79999923706055,60.34000015258789,147600.0,35.8862419128418
2006-05-01,60.9900016784668,60.349998474121094,60.849998474121094,60.400001525878906,166800.0,35.921932220458984
2006-05-02,61.10499954223633,60.099998474121094,60.099998474121094,61.04999923706055,1036000.0,36.308509826660156
2006-05-03,61.17499923706055,60.25,61.0,60.904998779296875,290200.0,36.22227096557617
2006-05-04,61.31999969482422,60.33000183105469,60.400001525878906,61.14500045776367,111800.0,36.36500930786133
2006-05-05,62.125,61.400001525878906,61.9900016784668,62.07500076293945,158400.0,36.9181022644043
2006-05-08,61.625,60.84000015258789,61.625,61.28499984741211,264600.0,36.448272705078125
2006-05-09,62.599998474121094,61.25,61.279998779296875,62.54999923706055,201000.0,37.20060348510742
2006-05-10,62.70000076293945,61.9900016784668,61.9900016784668,62.314998626708984,136000.0,37.06084442138672
2006-05-11,62.42499923706055,61.165000915527344,62.400001525878906,61.224998474121094,117400.0,36.41258239746094
2006-05-12,60.6150016784668,57.82500076293945,59.525001525878906,57.970001220703125,611600.0,34.47673034667969
2006-05-15,55.119998931884766,45.0,54.5,54.470001220703125,744400.0,32.39515686035156
2006-05-16,55.064998626708984,54.0,54.57500076293945,54.70000076293945,148200.0,32.53194046020508
2006-05-17,55.16999816894531,52.45000076293945,54.71500015258789,52.7400016784668,392200.0,31.366275787353516
2006-05-18,53.69499969482422,52.224998474121094,53.150001525878906,52.525001525878906,211600.0,31.2383975982666
2006-05-19,53.11000061035156,50.5,52.64500045776367,53.099998474121094,965200.0,31.58037757873535
2006-05-22,51.0,49.345001220703125,50.25,50.5099983215332,709400.0,30.04001808166504
2006-05-23,52.88999938964844,51.0,51.474998474121094,51.0,341200.0,30.331424713134766
2006-05-24,50.900001525878906,48.98500061035156,50.54999923706055,49.845001220703125,227800.0,29.644514083862305
2006-05-25,52.5,50.68000030517578,51.125,52.4900016784668,197400.0,31.21759033203125
2006-05-26,53.19499969482422,52.04499816894531,52.43000030517578,53.025001525878906,280800.0,31.535778045654297
2006-05-30,53.29999923706055,49.974998474121094,53.20000076293945,50.244998931884766,205200.0,29.88241195678711
2006-05-31,51.39500045776367,50.45500183105469,51.0,50.92499923706055,223800.0,30.286821365356445
2006-06-01,51.85499954223633,49.875,50.150001525878906,51.75,210200.0,30.77748680114746
2006-06-02,53.150001525878906,51.75,53.150001525878906,52.28499984741211,303800.0,31.09566879272461
2006-06-05,52.69499969482422,51.0,52.69499969482422,51.0,220800.0,30.331424713134766
2006-06-06,50.44499969482422,48.150001525878906,49.5,49.095001220703125,302200.0,29.198467254638672
2006-06-07,49.099998474121094,47.900001525878906,48.275001525878906,47.900001525878906,424800.0,28.487754821777344
2006-06-08,46.529998779296875,44.125,45.75,45.75,686200.0,27.20907974243164
2006-06-09,47.974998474121094,46.880001068115234,47.70000076293945,47.119998931884766,311600.0,28.02386474609375
2006-06-12,47.75,45.525001525878906,47.5,45.61000061035156,229200.0,27.125810623168945
2006-06-13,45.32500076293945,43.564998626708984,44.25,44.07500076293945,462600.0,26.21289825439453
2006-06-14,45.310001373291016,44.529998779296875,44.599998474121094,45.09000015258789,501000.0,26.816553115844727
2006-06-15,48.48500061035156,46.57500076293945,47.0,48.18000030517578,347800.0,28.65428352355957
2006-06-16,48.58000183105469,47.36000061035156,48.13999938964844,48.349998474121094,133600.0,28.755386352539062
2006-06-19,48.349998474121094,46.040000915527344,47.75,46.040000915527344,255800.0,27.381547927856445
2006-06-20,47.2599983215332,46.154998779296875,46.505001068115234,46.57500076293945,116200.0,27.699731826782227
2006-06-21,48.494998931884766,46.5,46.529998779296875,48.01499938964844,221200.0,28.556148529052734
2006-06-22,47.16999816894531,46.07500076293945,46.474998474121094,46.54999923706055,212200.0,27.684871673583984
2006-06-23,45.52000045776367,44.0,44.125,45.435001373291016,291000.0,27.02174186706543
2006-06-26,44.77000045776367,44.20000076293945,44.54999923706055,44.75,190000.0,26.614347457885742
2006-06-27,45.45500183105469,44.060001373291016,45.42499923706055,44.060001373291016,146800.0,26.203981399536133
2006-06-28,46.375,45.525001525878906,46.375,46.10499954223633,205000.0,27.420207977294922
2006-06-29,49.275001525878906,46.1349983215332,46.1349983215332,49.119998931884766,285200.0,29.21333122253418
2006-06-30,49.349998474121094,48.650001525878906,49.150001525878906,49.0,184200.0,29.14195442199707
2006-07-03,50.92499923706055,50.0,50.0,50.7400016784668,240800.0,30.176809310913086
2006-07-05,49.1349983215332,48.04499816894531,48.849998474121094,48.47999954223633,161400.0,28.83269691467285
2006-07-06,49.150001525878906,48.4900016784668,48.57500076293945,49.04999923706055,90200.0,29.17169952392578
2006-07-07,49.7599983215332,48.30500030517578,48.75,48.35499954223633,224800.0,28.75835609436035
2006-07-10,49.80500030517578,48.75,49.349998474121094,49.0,243400.0,29.14195442199707
2006-07-11,49.744998931884766,48.52000045776367,49.25,49.654998779296875,166400.0,29.531518936157227
2006-07-12,50.07500076293945,48.79999923706055,50.06999969482422,49.125,149200.0,29.2163028717041
2006-07-13,48.28499984741211,44.75,47.0,46.915000915527344,332800.0,27.901941299438477
2006-07-14,47.529998779296875,46.71500015258789,47.25,47.13999938964844,194600.0,28.035757064819336
2006-07-17,46.625,45.54999923706055,46.42499923706055,45.66999816894531,184000.0,27.161500930786133
2006-07-18,46.92499923706055,45.5,46.665000915527344,46.05500030517578,416600.0,27.390474319458008
2006-07-19,49.34000015258789,45.900001525878906,45.900001525878906,48.970001220703125,188800.0,29.124122619628906
2006-07-20,48.880001068115234,47.415000915527344,48.880001068115234,47.415000915527344,153600.0,28.199312210083008
2006-07-21,47.5,46.0,47.5,46.08000183105469,122200.0,27.405338287353516
2006-07-24,48.45500183105469,46.599998474121094,46.599998474121094,48.404998779296875,476400.0,28.788095474243164
2006-07-25,48.959999084472656,47.54999923706055,47.79999923706055,48.85499954223633,1064000.0,29.055727005004883
2006-07-26,49.0,47.67499923706055,48.06999969482422,48.810001373291016,120400.0,29.028959274291992
2006-07-27,50.20000076293945,49.02000045776367,50.0,49.02000045776367,90400.0,29.15385627746582
2006-07-28,49.994998931884766,49.0099983215332,49.150001525878906,49.67499923706055,72800.0,29.543407440185547
2006-07-31,49.95000076293945,49.29999923706055,49.5,49.75,161200.0,29.5880069732666
2006-08-01,49.08000183105469,48.5,48.66999816894531,48.904998779296875,177000.0,29.085460662841797
2006-08-02,49.79999923706055,49.005001068115234,49.474998474121094,49.345001220703125,77200.0,29.347145080566406
2006-08-03,49.70000076293945,48.849998474121094,48.849998474121094,49.314998626708984,94800.0,29.32929039001465
2006-08-04,50.43000030517578,49.334999084472656,50.0,49.599998474121094,89000.0,29.498796463012695
2006-08-07,49.81999969482422,49.255001068115234,49.5,49.5,45200.0,29.4393253326416
2006-08-08,50.09000015258789,49.505001068115234,49.6150016784668,49.55500030517578,50800.0,29.47203826904297
2006-08-09,50.72999954223633,49.72999954223633,50.400001525878906,49.72999954223633,175200.0,29.576122283935547
2006-08-10,50.04999923706055,49.5099983215332,49.92499923706055,49.939998626708984,90400.0,29.701019287109375
2006-08-11,50.45000076293945,49.849998474121094,49.8650016784668,49.849998474121094,28200.0,29.647485733032227
2006-08-14,50.185001373291016,49.04999923706055,49.70000076293945,49.119998931884766,245800.0,29.21333122253418
2006-08-15,50.09000015258789,49.349998474121094,49.599998474121094,50.02000045776367,75400.0,29.74859046936035
2006-08-16,51.1150016784668,50.459999084472656,50.560001373291016,51.0,74800.0,30.331424713134766
2006-08-17,51.650001525878906,50.834999084472656,51.10499954223633,50.845001220703125,92000.0,30.2392520904541
2006-08-18,50.29999923706055,49.310001373291016,50.11000061035156,49.375,249600.0,29.3649845123291
2006-08-21,49.595001220703125,49.0,49.029998779296875,49.595001220703125,96800.0,29.495826721191406
2006-08-22,49.564998626708984,48.91999816894531,49.220001220703125,49.064998626708984,147200.0,29.18062400817871
2006-08-23,49.75,48.15999984741211,49.51499938964844,48.334999084472656,92800.0,28.7464656829834
2006-08-24,48.92499923706055,48.32500076293945,48.92499923706055,48.45000076293945,181000.0,28.81485939025879
2006-08-25,49.099998474121094,48.724998474121094,48.78499984741211,48.724998474121094,77400.0,28.978412628173828
2006-08-28,49.38999938964844,49.005001068115234,49.07500076293945,49.38999938964844,72000.0,29.373905181884766
2006-08-29,50.189998626708984,48.94499969482422,49.75,49.974998474121094,302800.0,29.72182273864746
2006-08-30,50.529998779296875,50.154998779296875,50.415000915527344,50.35499954223633,101600.0,29.94782257080078
2006-08-31,49.97999954223633,49.025001525878906,49.79999923706055,49.38999938964844,250600.0,29.373905181884766
2006-09-01,49.685001373291016,49.224998474121094,49.5,49.60499954223633,117200.0,29.50177764892578
2006-09-05,50.33000183105469,49.75,50.11000061035156,50.2599983215332,208000.0,29.891328811645508
2006-09-06,49.60499954223633,48.70000076293945,49.60499954223633,48.939998626708984,118400.0,29.106279373168945
2006-09-07,48.25,47.15999984741211,47.79999923706055,47.625,151400.0,28.32420539855957
2006-09-08,47.5,46.974998474121094,47.255001068115234,47.125,180800.0,28.02683448791504
2006-09-11,46.005001068115234,44.900001525878906,45.75,45.25,268200.0,26.911712646484375
2006-09-12,46.584999084472656,45.494998931884766,45.494998931884766,46.58000183105469,319400.0,27.70271110534668
2006-09-13,47.0,46.165000915527344,46.25,47.0,90400.0,27.952491760253906
2006-09-14,46.290000915527344,45.375,45.974998474121094,45.45000076293945,165200.0,27.030649185180664
2006-09-15,46.66999816894531,45.779998779296875,46.20500183105469,46.34000015258789,167600.0,27.559965133666992
2006-09-18,47.5,46.834999084472656,46.91999816894531,47.25,134200.0,28.10117530822754
2006-09-19,47.39500045776367,46.33000183105469,47.39500045776367,46.599998474121094,110800.0,27.714595794677734
2006-09-20,47.25,46.625,46.875,46.89500045776367,93000.0,27.89004898071289
2006-09-21,47.095001220703125,45.5,47.0,45.59000015258789,332800.0,27.11391830444336
2006-09-22,45.974998474121094,45.29999923706055,45.974998474121094,45.54999923706055,185200.0,27.090129852294922
2006-09-25,45.84000015258789,44.685001373291016,45.5,45.77000045776367,171400.0,27.22097396850586
2006-09-26,46.67499923706055,45.849998474121094,45.849998474121094,46.595001220703125,105000.0,27.711637496948242
2006-09-27,46.57500076293945,45.8650016784668,46.57500076293945,46.07500076293945,101600.0,27.402360916137695
2006-09-28,46.650001525878906,46.15999984741211,46.369998931884766,46.525001525878906,130000.0,27.669992446899414
2006-09-29,46.17499923706055,45.625,45.849998474121094,45.625,88600.0,27.134737014770508
2006-10-02,46.125,45.525001525878906,45.76499938964844,45.685001373291016,98000.0,27.170427322387695
2006-10-03,45.58000183105469,44.67499923706055,45.58000183105469,44.75,196800.0,26.614347457885742
2006-10-04,45.45000076293945,44.0,44.44499969482422,45.380001068115234,259000.0,26.989025115966797
2006-10-05,45.834999084472656,45.130001068115234,45.244998931884766,45.54999923706055,134600.0,27.090129852294922
2006-10-06,45.57500076293945,45.099998474121094,45.20000076293945,45.380001068115234,177400.0,26.989025115966797
2006-10-09,46.18000030517578,45.17499923706055,45.599998474121094,46.040000915527344,86800.0,27.381547927856445
2006-10-10,46.75,45.85499954223633,45.85499954223633,46.744998931884766,95600.0,27.80084228515625
2006-10-11,46.75,46.099998474121094,46.1349983215332,46.345001220703125,287000.0,27.56294059753418
2006-10-12,48.29999923706055,46.650001525878906,46.73500061035156,48.22999954223633,287000.0,28.684017181396484
2006-10-13,48.8849983215332,48.400001525878906,48.595001220703125,48.755001068115234,104400.0,28.996257781982422
2006-10-16,49.45000076293945,48.8650016784668,49.0,49.404998779296875,125600.0,29.38282012939453
2006-10-17,48.625,47.8849983215332,48.56999969482422,48.435001373291016,144000.0,28.805938720703125
2006-10-18,49.099998474121094,48.19499969482422,49.0,48.40999984741211,134400.0,28.791067123413086
2006-10-19,49.15999984741211,48.75,48.78499984741211,49.04499816894531,92800.0,29.168725967407227
2006-10-20,49.290000915527344,48.95000076293945,49.04499816894531,49.07500076293945,68600.0,29.186565399169922
2006-10-23,48.45000076293945,47.65999984741211,48.375,48.275001525878906,99200.0,28.710783004760742
2006-10-24,48.584999084472656,47.79999923706055,48.189998626708984,48.4900016784668,100800.0,28.83864974975586
2006-10-25,49.5,48.79999923706055,48.849998474121094,49.48500061035156,103000.0,29.430404663085938
2006-10-26,49.625,49.15999984741211,49.599998474121094,49.439998626708984,60200.0,29.40363883972168
2006-10-27,49.5,48.900001525878906,49.20000076293945,48.92499923706055,114200.0,29.097354888916016
2006-10-30,49.1150016784668,48.67499923706055,49.0,48.75,121800.0,28.993284225463867
2006-10-31,50.900001525878906,50.165000915527344,50.185001373291016,50.900001525878906,196600.0,30.271963119506836
2006-11-01,51.875,50.650001525878906,51.599998474121094,50.95000076293945,291800.0,30.301698684692383
2006-11-02,50.849998474121094,50.3849983215332,50.685001373291016,50.75,81200.0,30.182754516601562
2006-11-03,51.630001068115234,51.099998474121094,51.5,51.4900016784668,125000.0,30.622859954833984
2006-11-06,52.845001220703125,52.224998474121094,52.34000015258789,52.76499938964844,200600.0,31.381139755249023
2006-11-07,53.29999923706055,52.625,53.255001068115234,52.67499923706055,157200.0,31.327617645263672
2006-11-08,53.349998474121094,52.349998474121094,52.599998474121094,53.17499923706055,241800.0,31.624977111816406
2006-11-09,53.525001525878906,52.93000030517578,53.07500076293945,53.25,199600.0,31.669584274291992
2006-11-10,53.415000915527344,52.95000076293945,53.40999984741211,53.29999923706055,76000.0,31.699317932128906
2006-11-13,53.125,52.5,52.70000076293945,53.0,138400.0,31.520904541015625
2006-11-14,54.025001525878906,53.18000030517578,53.599998474121094,54.025001525878906,166400.0,32.13050842285156
2006-11-15,53.709999084472656,52.7400016784668,52.875,53.494998931884766,191000.0,31.815298080444336
2006-11-16,53.25,51.974998474121094,53.25,52.01499938964844,217400.0,30.935089111328125
2006-11-17,51.564998626708984,50.59000015258789,51.060001373291016,51.48500061035156,182800.0,30.619882583618164
2006-11-20,52.564998626708984,51.775001525878906,52.08000183105469,52.005001068115234,141000.0,30.929149627685547
2006-11-21,53.54999923706055,52.83000183105469,53.095001220703125,53.474998474121094,142600.0,31.80339241027832
2006-11-22,54.400001525878906,53.75,54.32500076293945,54.11000061035156,124000.0,32.181053161621094
2006-11-24,54.935001373291016,54.220001220703125,54.314998626708984,54.650001525878906,122200.0,32.50221252441406
2006-11-27,55.0,53.900001525878906,55.0,53.900001525878906,188800.0,32.056156158447266
2006-11-28,54.28499984741211,53.16999816894531,53.20000076293945,54.209999084472656,142600.0,32.24052810668945
2006-11-29,54.900001525878906,54.125,54.45500183105469,54.71500015258789,92800.0,32.540870666503906
2006-11-30,55.314998626708984,54.0,54.0,54.76499938964844,155600.0,32.57059860229492
2006-12-01,55.70000076293945,53.95500183105469,55.404998779296875,54.33000183105469,1210800.0,32.31189727783203
2006-12-04,55.474998474121094,54.70000076293945,54.70000076293945,55.29499816894531,155400.0,32.88581848144531
2006-12-05,56.06999969482422,55.07500076293945,55.23500061035156,55.95000076293945,177600.0,33.27536392211914
2006-12-06,55.97999954223633,55.25,55.5,55.3849983215332,45000.0,32.9393424987793
2006-12-07,55.78499984741211,55.07500076293945,55.67499923706055,55.275001525878906,84600.0,32.87392044067383
2006-12-08,55.94499969482422,55.20000076293945,55.435001373291016,55.2599983215332,81600.0,32.8650016784668
2006-12-11,55.64500045776367,55.0,55.209999084472656,55.560001373291016,92000.0,33.04342269897461
2006-12-12,55.25,54.26499938964844,54.875,54.970001220703125,97600.0,32.69252395629883
2006-12-13,55.75,55.0,55.0,55.584999084472656,78000.0,33.05828857421875
2006-12-14,56.42499923706055,55.75,55.75,56.224998474121094,59200.0,33.43891906738281
2006-12-15,57.0,56.099998474121094,57.0,56.255001068115234,87600.0,33.45675277709961
2006-12-18,56.959999084472656,56.0099983215332,56.55500030517578,56.22999954223633,136400.0,33.441890716552734
2006-12-19,56.79999923706055,55.81999969482422,56.029998779296875,56.71500015258789,128000.0,33.73033142089844
2006-12-20,56.71500015258789,55.84000015258789,56.0,56.2599983215332,76000.0,34.2153434753418
2006-12-21,57.25,56.44499969482422,57.1150016784668,56.595001220703125,95800.0,34.41908264160156
2006-12-22,57.81999969482422,56.625,57.45000076293945,56.689998626708984,74200.0,34.47686004638672
2006-12-26,57.5,56.82500076293945,57.0099983215332,57.380001068115234,78400.0,34.8964958190918
2006-12-27,58.0,57.494998931884766,57.61000061035156,57.849998474121094,103800.0,35.18232727050781
2006-12-28,58.150001525878906,57.650001525878906,57.79999923706055,57.775001525878906,39200.0,35.13671875
2006-12-29,58.099998474121094,57.35499954223633,58.0,57.5099983215332,68600.0,34.97555160522461
2007-01-03,58.619998931884766,55.755001068115234,57.5,56.17499923706055,1630200.0,34.163658142089844
2007-01-04,55.4900016784668,54.900001525878906,55.4900016784668,55.25,310000.0,33.60110855102539
2007-01-05,54.29499816894531,53.0,54.150001525878906,53.974998474121094,571800.0,32.825687408447266
2007-01-08,54.75,53.755001068115234,53.755001068115234,54.474998474121094,168400.0,33.12977981567383
2007-01-09,54.70000076293945,53.150001525878906,54.525001525878906,54.084999084472656,352800.0,32.89259719848633
2007-01-10,53.95000076293945,53.0,53.099998474121094,53.900001525878906,400600.0,32.780086517333984
2007-01-11,55.22999954223633,53.994998931884766,54.0,54.529998779296875,225000.0,33.16322708129883
2007-01-12,55.525001525878906,54.8650016784668,54.97999954223633,55.439998626708984,152800.0,33.716651916503906
2007-01-16,56.29499816894531,55.75,55.75,55.994998931884766,91200.0,34.05417251586914
2007-01-17,56.7400016784668,55.900001525878906,55.900001525878906,56.404998779296875,165800.0,34.303531646728516
2007-01-18,57.43000030517578,56.25,57.30500030517578,56.459999084472656,227400.0,34.336978912353516
2007-01-19,56.80500030517578,56.25,56.4900016784668,56.69499969482422,112800.0,34.47990417480469
2007-01-22,57.5,56.7400016784668,57.404998779296875,57.10499954223633,89200.0,34.729244232177734
2007-01-23,58.14500045776367,57.095001220703125,57.099998474121094,58.119998931884766,484800.0,35.34653091430664
2007-01-24,58.60499954223633,57.46500015258789,57.79999923706055,58.380001068115234,260000.0,35.50465774536133
2007-01-25,57.95000076293945,56.06999969482422,57.7599983215332,56.150001525878906,322600.0,34.14845657348633
2007-01-26,57.21500015258789,56.654998779296875,56.875,57.130001068115234,195400.0,34.744449615478516
2007-01-29,56.59000015258789,55.53499984741211,56.275001525878906,56.04499816894531,151000.0,34.08458709716797
2007-01-30,57.0,55.94499969482422,55.94499969482422,57.0,37000.0,34.66538619995117
2007-01-31,58.15999984741211,56.94499969482422,57.04999923706055,57.85499954223633,122000.0,35.18537521362305
2007-02-01,59.064998626708984,58.25,58.73500061035156,59.064998626708984,221600.0,35.92125701904297
2007-02-02,58.40999984741211,57.79999923706055,58.30500030517578,58.40999984741211,220600.0,35.52289962768555
2007-02-05,57.76499938964844,57.31999969482422,57.5,57.474998474121094,52400.0,34.95426559448242
2007-02-06,58.76499938964844,58.11000061035156,58.349998474121094,58.76499938964844,139800.0,35.73879623413086
2007-02-07,58.54499816894531,58.01499938964844,58.400001525878906,58.375,390200.0,35.501617431640625
2007-02-08,58.22999954223633,57.34000015258789,57.79999923706055,58.22999954223633,232200.0,35.413429260253906
2007-02-09,58.21500015258789,56.8849983215332,58.18000030517578,57.279998779296875,127800.0,34.83567428588867
2007-02-12,57.43000030517578,56.665000915527344,57.279998779296875,56.900001525878906,328800.0,34.604576110839844
2007-02-13,58.07500076293945,57.415000915527344,57.415000915527344,58.04499816894531,146200.0,35.300926208496094
2007-02-14,59.36000061035156,58.400001525878906,58.400001525878906,59.0099983215332,488000.0,35.88780212402344
2007-02-15,59.814998626708984,59.349998474121094,59.57500076293945,59.6150016784668,155800.0,36.255741119384766
2007-02-16,60.404998779296875,59.54999923706055,59.54999923706055,60.404998779296875,746000.0,36.7361946105957
2007-02-20,60.79999923706055,60.345001220703125,60.54999923706055,60.79999923706055,123400.0,36.97641372680664
2007-02-21,60.875,60.0,60.150001525878906,60.875,186200.0,37.02203369140625
2007-02-22,61.779998779296875,61.1349983215332,61.5,61.494998931884766,186600.0,37.39908981323242
2007-02-23,61.880001068115234,61.4900016784668,61.6150016784668,61.744998931884766,136200.0,37.5511360168457
2007-02-26,62.07500076293945,61.310001373291016,61.974998474121094,61.724998474121094,140000.0,37.538963317871094
2007-02-27,59.23500061035156,56.029998779296875,59.23500061035156,56.2400016784668,972400.0,34.20318603515625
2007-02-28,58.415000915527344,57.400001525878906,57.959999084472656,57.970001220703125,316800.0,35.25531005859375
2007-03-01,57.314998626708984,55.525001525878906,56.310001373291016,56.75,322800.0,34.51335144042969
2007-03-02,56.70000076293945,55.119998931884766,55.775001525878906,55.59000015258789,302800.0,33.80787658691406
2007-03-05,54.64500045776367,52.79999923706055,52.849998474121094,53.42499923706055,570600.0,32.49120330810547
2007-03-06,55.474998474121094,54.27000045776367,54.70000076293945,55.375,224200.0,33.677127838134766
2007-03-07,55.494998931884766,54.255001068115234,54.255001068115234,54.88999938964844,164200.0,33.382164001464844
2007-03-08,56.779998779296875,55.6150016784668,56.154998779296875,56.349998474121094,140800.0,34.27008056640625
2007-03-09,57.689998626708984,56.875,57.5,57.30500030517578,177000.0,34.85087966918945
2007-03-12,58.150001525878906,57.220001220703125,57.279998779296875,58.01499938964844,254400.0,35.28268051147461
2007-03-13,56.85499954223633,54.665000915527344,56.5,54.7400016784668,317800.0,33.29093551635742
2007-03-14,55.560001373291016,53.689998626708984,54.775001525878906,55.46500015258789,244800.0,33.73186111450195
2007-03-15,56.625,55.29999923706055,55.375,56.2400016784668,152600.0,34.20318603515625
2007-03-16,56.41999816894531,55.35499954223633,55.92499923706055,55.68000030517578,55200.0,33.862606048583984
2007-03-19,57.16999816894531,56.63999938964844,57.0,56.91999816894531,109600.0,34.616737365722656
2007-03-20,58.060001373291016,57.349998474121094,57.5,57.90999984741211,97400.0,35.21882247924805
2007-03-21,59.6349983215332,57.80500030517578,58.06999969482422,59.6349983215332,257600.0,36.26789474487305
2007-03-22,60.665000915527344,59.724998474121094,59.95500183105469,60.42499923706055,250600.0,36.748355865478516
2007-03-23,60.935001373291016,60.20000076293945,60.23500061035156,60.599998474121094,103800.0,36.85478591918945
2007-03-26,61.15999984741211,59.849998474121094,61.0,60.790000915527344,194200.0,36.970333099365234
2007-03-27,60.3650016784668,59.595001220703125,60.36000061035156,59.79999923706055,371000.0,36.36825942993164
2007-03-28,59.7400016784668,58.810001373291016,59.5,59.404998779296875,301000.0,36.12802505493164
2007-03-29,60.459999084472656,59.55500030517578,60.150001525878906,60.18000030517578,141800.0,36.5993537902832
2007-03-30,61.46500015258789,60.1150016784668,61.31999969482422,60.70500183105469,177600.0,36.918636322021484
2007-04-02,61.84000015258789,61.25,61.540000915527344,61.775001525878906,251200.0,37.56937789916992
2007-04-03,62.75,62.04499816894531,62.119998931884766,62.685001373291016,725000.0,38.12281036376953
2007-04-04,63.32500076293945,62.68000030517578,63.189998626708984,62.994998931884766,206800.0,38.31132888793945
2007-04-05,63.400001525878906,62.775001525878906,62.974998474121094,63.2599983215332,135000.0,38.472496032714844
2007-04-09,63.76499938964844,63.27000045776367,63.54999923706055,63.39500045776367,80200.0,38.554603576660156
2007-04-10,63.95500183105469,63.42499923706055,63.70000076293945,63.79999923706055,84400.0,38.8009033203125
2007-04-11,64.0999984741211,62.7400016784668,64.0999984741211,62.95000076293945,386400.0,38.28398513793945
2007-04-12,64.05000305175781,63.0,63.31999969482422,64.05000305175781,155200.0,38.95294952392578
2007-04-13,64.75,64.13500213623047,64.36000061035156,64.6500015258789,149000.0,39.31785583496094
2007-04-16,66.20500183105469,65.58000183105469,65.5999984741211,65.9000015258789,246000.0,40.07806396484375
2007-04-17,66.7249984741211,66.16500091552734,66.36000061035156,66.29499816894531,296800.0,40.31828308105469
2007-04-18,66.5999984741211,65.82499694824219,65.94999694824219,66.375,189400.0,40.36692810058594
2007-04-19,66.09500122070312,65.0,65.42500305175781,65.98500061035156,209000.0,40.12974166870117
2007-04-20,67.4800033569336,66.70500183105469,67.12999725341797,67.08000183105469,176000.0,40.79569625854492
2007-04-23,67.16500091552734,66.55500030517578,67.0250015258789,66.74500274658203,190000.0,40.59196472167969
2007-04-24,67.25,66.06500244140625,66.8499984741211,66.58499908447266,208200.0,40.494659423828125
2007-04-25,67.875,66.72000122070312,66.95999908447266,67.79499816894531,168000.0,41.23052215576172
2007-04-26,67.17500305175781,66.09500122070312,67.0250015258789,66.38999938964844,491600.0,40.376060485839844
2007-04-27,66.54499816894531,65.5,65.5,66.33000183105469,188800.0,40.339569091796875
2007-04-30,66.69999694824219,65.30000305175781,66.12999725341797,65.30000305175781,317000.0,39.713157653808594
2007-05-01,65.81500244140625,65.00499725341797,65.80500030517578,65.72000122070312,144400.0,39.96858596801758
2007-05-02,67.05000305175781,66.22000122070312,66.22000122070312,66.9800033569336,340400.0,40.73488998413086
2007-05-03,67.49500274658203,66.58999633789062,66.9800033569336,67.30500030517578,311000.0,40.93252944946289
2007-05-04,68.04499816894531,67.16999816894531,67.91999816894531,67.55500030517578,497000.0,41.08456802368164
2007-05-07,68.2300033569336,67.9000015258789,68.0,68.0,213800.0,41.355201721191406
2007-05-08,67.30999755859375,66.57499694824219,67.11499786376953,67.03500366210938,271200.0,40.76832580566406
2007-05-09,67.70500183105469,66.9800033569336,67.23999786376953,67.54499816894531,510000.0,41.0784912109375
2007-05-10,66.76499938964844,64.87999725341797,66.61000061035156,64.91999816894531,561800.0,39.482059478759766
2007-05-11,67.2249984741211,65.75499725341797,65.75499725341797,66.93000030517578,623600.0,40.704471588134766
2007-05-14,66.80000305175781,65.46499633789062,66.6500015258789,65.95999908447266,432600.0,40.11455154418945
2007-05-15,66.4000015258789,65.15499877929688,65.73999786376953,65.47000122070312,323600.0,39.81654739379883
2007-05-16,66.71499633789062,65.25499725341797,66.23999786376953,66.0999984741211,469200.0,40.19968795776367
2007-05-17,65.81500244140625,64.55000305175781,65.81500244140625,64.68499755859375,414400.0,39.33913803100586
2007-05-18,66.08999633789062,65.08999633789062,65.3499984741211,65.95500183105469,355800.0,40.11151123046875
2007-05-21,66.6449966430664,65.75,66.04000091552734,66.19499969482422,178800.0,40.25746536254883
2007-05-22,66.45999908447266,65.70999908447266,66.4000015258789,65.70999908447266,574400.0,39.96249771118164
2007-05-23,67.375,66.36000061035156,66.66500091552734,66.61499786376953,335800.0,40.51289749145508
2007-05-24,66.6449966430664,64.33999633789062,66.29000091552734,64.42500305175781,751600.0,39.18101501464844
2007-05-25,65.5,64.6449966430664,64.97000122070312,65.5,214400.0,39.83478927612305
2007-05-29,65.625,64.05000305175781,65.625,64.87000274658203,188600.0,39.4516487121582
2007-05-30,64.75,62.78499984741211,62.974998474121094,64.75,290800.0,39.378662109375
2007-05-31,64.3499984741211,63.779998779296875,64.11499786376953,64.25,352600.0,39.0745849609375
2007-06-01,65.19499969482422,64.4749984741211,64.57499694824219,65.19499969482422,458400.0,39.64930725097656
2007-06-04,64.40499877929688,63.61000061035156,63.9900016784668,64.1500015258789,208400.0,39.01377487182617
2007-06-05,63.67499923706055,62.86000061035156,63.599998474121094,63.125,211000.0,38.3903923034668
2007-06-06,62.8650016784668,62.2599983215332,62.724998474121094,62.540000915527344,133600.0,38.034629821777344
2007-06-07,62.974998474121094,60.95500183105469,62.650001525878906,61.02000045776367,800200.0,37.11022186279297
2007-06-08,62.130001068115234,60.51499938964844,60.75,61.915000915527344,388000.0,37.65452194213867
2007-06-11,62.904998779296875,61.45500183105469,61.79999923706055,62.45000076293945,214800.0,37.979888916015625
2007-06-12,61.94499969482422,60.70000076293945,61.72999954223633,60.70000076293945,223600.0,36.915592193603516
2007-06-13,61.994998931884766,61.02000045776367,61.5,61.90999984741211,369800.0,37.6514778137207
2007-06-14,63.29499816894531,62.4900016784668,62.4900016784668,63.20500183105469,128400.0,38.439056396484375
2007-06-15,64.47000122070312,63.875,63.95000076293945,64.3949966430664,168600.0,39.16276550292969
2007-06-18,65.19000244140625,64.54499816894531,65.0250015258789,64.78500366210938,147800.0,39.39995574951172
2007-06-19,65.44000244140625,64.45500183105469,64.9800033569336,65.25,263400.0,39.68274688720703
2007-06-20,65.625,63.650001525878906,65.625,63.79999923706055,343000.0,38.8009033203125
2007-06-21,64.7249984741211,63.58000183105469,64.0999984741211,64.5250015258789,131600.0,39.24182891845703
2007-06-22,64.05000305175781,63.0,63.92499923706055,63.07500076293945,420400.0,38.3599853515625
2007-06-25,63.540000915527344,62.26499938964844,63.0,62.39500045776367,523800.0,37.946441650390625
2007-06-26,62.439998626708984,61.25,62.224998474121094,61.25,195800.0,37.25009536743164
2007-06-27,62.404998779296875,60.77000045776367,60.91999816894531,62.404998779296875,356400.0,37.952518463134766
2007-06-28,62.880001068115234,62.119998931884766,62.119998931884766,62.400001525878906,825000.0,37.9494743347168
2007-06-29,63.11000061035156,62.0,62.83000183105469,62.6150016784668,661200.0,38.08023452758789
2007-07-02,64.5,63.69499969482422,64.0999984741211,64.5,282600.0,39.226619720458984
2007-07-03,64.54000091552734,64.0,64.5,64.16500091552734,139600.0,39.02288818359375
2007-07-05,64.23999786376953,63.29999923706055,64.23999786376953,63.935001373291016,330400.0,38.88300704956055
2007-07-06,65.11499786376953,63.869998931884766,63.93000030517578,65.0,197200.0,39.53071594238281
2007-07-09,66.5999984741211,65.93000030517578,65.93000030517578,66.40499877929688,189400.0,40.38517761230469
2007-07-10,66.44999694824219,64.5,66.44999694824219,64.6449966430664,232800.0,39.31481170654297
2007-07-11,65.375,64.125,64.125,65.375,211000.0,39.75876998901367
2007-07-12,66.83999633789062,65.36499786376953,65.42500305175781,66.625,159600.0,40.518978118896484
2007-07-13,66.69999694824219,65.8550033569336,66.0,66.57499694824219,390000.0,40.48857116699219
2007-07-16,66.92500305175781,66.0,66.92500305175781,66.30500030517578,499600.0,40.324371337890625
2007-07-17,66.19000244140625,65.66000366210938,65.96499633789062,65.81500244140625,460000.0,40.0263671875
2007-07-18,66.02999877929688,65.34500122070312,65.6500015258789,66.02999877929688,417800.0,40.1571159362793
2007-07-19,67.5999984741211,66.2699966430664,66.5,67.55000305175781,145400.0,41.081520080566406
2007-07-20,68.27999877929688,66.55500030517578,68.27999877929688,66.88999938964844,213800.0,40.68013381958008
2007-07-23,69.1500015258789,68.44000244140625,68.5,68.71499633789062,395200.0,41.7900390625
2007-07-24,68.0,66.30000305175781,67.41500091552734,66.47000122070312,473200.0,40.424713134765625
2007-07-25,67.28500366210938,65.59500122070312,67.13999938964844,66.7699966430664,286800.0,40.60716247558594
2007-07-26,64.09500122070312,61.18000030517578,64.0,62.7400016784668,629400.0,38.156253814697266
2007-07-27,62.540000915527344,60.334999084472656,62.5,60.68000030517578,468800.0,36.90343475341797
2007-07-30,62.724998474121094,60.77000045776367,61.20000076293945,62.51499938964844,557600.0,38.01942825317383
2007-07-31,63.32500076293945,61.20000076293945,62.7599983215332,61.29999923706055,396200.0,37.28049850463867
2007-08-01,61.560001373291016,59.85499954223633,60.82500076293945,61.345001220703125,281000.0,37.3078727722168
2007-08-02,61.66999816894531,60.70000076293945,61.0,61.6150016784668,290600.0,37.47207260131836
2007-08-03,61.599998474121094,58.75,61.5,58.75,352000.0,35.729671478271484
2007-08-06,60.7599983215332,58.5,59.5,60.55500030517578,315200.0,36.8274040222168
2007-08-07,61.03499984741211,59.44499969482422,59.75,60.790000915527344,223000.0,36.970333099365234
2007-08-08,63.150001525878906,61.529998779296875,61.775001525878906,62.18000030517578,230800.0,37.81568908691406
2007-08-09,61.13999938964844,59.33000183105469,60.04999923706055,59.334999084472656,255600.0,36.08545684814453
2007-08-10,60.54499816894531,58.279998779296875,58.8650016784668,59.560001373291016,348800.0,36.22229766845703
2007-08-13,60.48500061035156,59.404998779296875,60.334999084472656,59.45000076293945,158400.0,36.155399322509766
2007-08-14,59.779998779296875,57.29999923706055,59.599998474121094,57.29999923706055,187800.0,34.84783935546875
2007-08-15,57.43000030517578,55.20000076293945,56.40999984741211,55.20000076293945,225200.0,33.57068634033203
2007-08-16,54.85499954223633,51.689998626708984,54.814998626708984,54.79999923706055,323600.0,33.327430725097656
2007-08-17,57.73500061035156,53.70000076293945,55.9900016784668,55.775001525878906,233200.0,33.92039108276367
2007-08-20,56.60499954223633,55.025001525878906,56.125,56.19499969482422,254200.0,34.175811767578125
2007-08-21,56.56999969482422,55.154998779296875,55.71500015258789,55.619998931884766,169200.0,33.82612228393555
2007-08-22,58.994998931884766,57.494998931884766,57.650001525878906,58.79999923706055,218000.0,35.76008605957031
2007-08-23,59.529998779296875,57.5,59.119998931884766,58.56999969482422,210800.0,35.620201110839844
2007-08-24,60.70500183105469,57.79999923706055,58.0,60.349998474121094,325000.0,36.70273971557617
2007-08-27,60.16999816894531,59.400001525878906,60.029998779296875,59.48500061035156,566600.0,36.17668151855469
2007-08-28,59.29999923706055,57.65999984741211,59.29999923706055,57.685001373291016,158000.0,35.08198165893555
2007-08-29,61.44499969482422,58.8650016784668,59.349998474121094,61.349998474121094,224400.0,37.3109130859375
2007-08-30,61.8849983215332,59.0,60.625,60.92499923706055,241600.0,37.052433013916016
2007-08-31,63.2599983215332,61.91999816894531,62.54999923706055,62.474998474121094,228600.0,37.995094299316406
2007-09-04,64.16500091552734,62.28499984741211,62.650001525878906,63.79999923706055,219000.0,38.8009033203125
2007-09-05,62.45000076293945,61.2599983215332,62.45000076293945,61.79999923706055,304400.0,37.58457565307617
2007-09-06,63.025001525878906,61.7400016784668,62.21500015258789,62.709999084472656,98000.0,38.13801574707031
2007-09-07,61.85499954223633,60.79999923706055,61.85499954223633,61.314998626708984,80400.0,37.289615631103516
2007-09-10,62.64500045776367,61.064998626708984,62.279998779296875,61.935001373291016,266200.0,37.666683197021484
2007-09-11,64.25,63.22999954223633,63.345001220703125,64.25,189800.0,39.0745849609375
2007-09-12,64.87999725341797,63.25,63.599998474121094,64.16999816894531,178000.0,39.02592849731445
2007-09-13,65.31500244140625,64.26000213623047,64.42500305175781,64.63999938964844,124800.0,39.311771392822266
2007-09-14,64.1500015258789,63.334999084472656,63.42499923706055,63.93000030517578,443600.0,38.87997055053711
2007-09-17,63.244998931884766,62.65999984741211,62.95000076293945,62.81999969482422,86400.0,38.20490646362305
2007-09-18,65.9000015258789,62.720001220703125,63.44499969482422,65.88999938964844,266600.0,40.07197570800781
2007-09-19,66.2300033569336,64.79499816894531,65.83499908447266,65.38500213623047,265800.0,39.76484680175781
2007-09-20,66.69499969482422,65.125,65.57499694824219,65.2699966430664,432800.0,39.69490432739258
2007-09-21,66.33499908447266,65.58000183105469,65.58000183105469,65.92500305175781,219800.0,40.09326171875
2007-09-24,66.58000183105469,65.0,66.58000183105469,65.47000122070312,133000.0,39.81654739379883
2007-09-25,66.23999786376953,65.20999908447266,65.38999938964844,66.23999786376953,110600.0,40.284820556640625
2007-09-26,66.79499816894531,65.94499969482422,66.33999633789062,66.57499694824219,338600.0,40.48857116699219
2007-09-27,67.66000366210938,66.70500183105469,67.4000015258789,67.43000030517578,117800.0,41.00855255126953
2007-09-28,68.0199966430664,66.16000366210938,68.0,66.43000030517578,138200.0,40.40038299560547
2007-10-01,67.875,66.44999694824219,66.44999694824219,67.66000366210938,187000.0,41.14842987060547
2007-10-02,68.04000091552734,67.30999755859375,67.70999908447266,67.74500274658203,985000.0,41.20012283325195
2007-10-03,69.70500183105469,68.44499969482422,69.06500244140625,68.48999786376953,2250000.0,41.65319061279297
2007-10-04,69.9000015258789,68.75499725341797,68.75499725341797,69.67500305175781,224200.0,42.373878479003906
2007-10-05,71.71499633789062,70.2300033569336,70.41000366210938,71.49500274658203,350000.0,43.48073959350586
2007-10-08,70.91999816894531,70.13500213623047,70.91999816894531,70.42500305175781,118000.0,42.83000946044922
2007-10-09,71.43000030517578,70.08499908447266,70.375,71.32499694824219,258000.0,43.37733840942383
2007-10-10,71.08999633789062,69.98999786376953,70.88999938964844,70.87999725341797,251800.0,43.106712341308594
2007-10-11,72.98500061035156,70.2300033569336,71.55999755859375,71.26499938964844,606000.0,43.340843200683594
2007-10-12,72.36000061035156,71.5,72.00499725341797,72.07499694824219,435400.0,43.83346176147461
2007-10-15,72.1050033569336,69.2750015258789,72.1050033569336,70.05999755859375,440600.0,42.60801696777344
2007-10-16,69.94999694824219,68.86499786376953,69.82499694824219,69.42500305175781,218400.0,42.22183609008789
2007-10-17,71.41000366210938,69.25,71.19999694824219,70.26000213623047,443000.0,42.72965621948242
2007-10-18,71.19000244140625,70.08499908447266,70.30500030517578,71.07499694824219,421800.0,43.22529983520508
2007-10-19,71.5,68.61000061035156,71.5,68.95500183105469,319000.0,41.93599319458008
2007-10-22,69.49500274658203,67.9749984741211,68.47000122070312,69.31500244140625,503800.0,42.154930114746094
2007-10-23,72.50499725341797,70.625,71.19999694824219,72.375,927400.0,44.01591491699219
2007-10-24,72.94000244140625,70.73999786376953,72.94000244140625,72.5,463600.0,44.09194564819336
2007-10-25,73.82499694824219,72.5,73.07499694824219,73.82499694824219,564400.0,44.89775848388672
2007-10-26,76.33499908447266,75.36499786376953,75.67500305175781,76.19999694824219,540400.0,46.3421516418457
2007-10-29,76.54000091552734,75.63500213623047,76.21499633789062,76.04000091552734,421000.0,46.244850158691406
2007-10-30,75.99500274658203,74.81500244140625,75.70500183105469,75.25,229400.0,45.76439666748047
2007-10-31,76.86499786376953,74.52999877929688,75.61000061035156,76.6500015258789,286200.0,46.6158332824707
2007-11-01,74.6500015258789,72.63999938964844,74.5999984741211,73.0,527400.0,44.39603042602539
2007-11-02,75.26000213623047,73.01000213623047,73.9749984741211,75.26000213623047,373200.0,45.77047348022461
2007-11-05,74.5,72.82499694824219,73.32499694824219,74.01000213623047,285800.0,45.010276794433594
2007-11-06,76.45500183105469,74.54499816894531,74.54499816894531,76.30500030517578,206000.0,46.40601348876953
2007-11-07,76.67500305175781,73.9800033569336,75.91000366210938,74.01000213623047,357200.0,45.010276794433594
2007-11-08,76.8949966430664,74.03500366210938,75.33000183105469,75.9000015258789,538800.0,46.15970993041992
2007-11-09,76.20500183105469,74.13500213623047,74.13500213623047,74.69000244140625,449000.0,45.42383575439453
2007-11-12,74.75,69.41999816894531,74.75,69.95999908447266,615800.0,42.547203063964844
2007-11-13,74.38999938964844,71.75,71.75,74.0999984741211,417800.0,45.06501007080078
2007-11-14,75.16999816894531,73.36499786376953,74.5,73.73999786376953,1095200.0,44.846065521240234
2007-11-15,73.18499755859375,70.62999725341797,72.31999969482422,71.22000122070312,533800.0,43.31349182128906
2007-11-16,72.76000213623047,70.58999633789062,71.37000274658203,72.13999938964844,1664600.0,43.87300491333008
2007-11-19,73.13999938964844,67.5,73.13999938964844,68.7699966430664,649200.0,41.82349395751953
2007-11-20,72.41500091552734,69.86499786376953,70.0,71.75,580800.0,43.635807037353516
2007-11-21,71.93000030517578,68.1449966430664,71.93000030517578,68.5999984741211,244000.0,41.72010040283203
2007-11-23,70.31999969482422,69.1050033569336,69.1050033569336,69.77999877929688,278000.0,42.437744140625
2007-11-26,68.84500122070312,64.13999938964844,67.68499755859375,64.13999938964844,495400.0,39.007686614990234
2007-11-27,67.24500274658203,64.5,64.5,67.0,1037200.0,40.74703598022461
2007-11-28,69.70999908447266,67.17500305175781,67.55500030517578,69.57499694824219,308800.0,42.31306457519531
2007-11-29,71.1449966430664,69.49500274658203,70.13999938964844,70.58000183105469,254800.0,42.92427444458008
2007-11-30,72.5,69.63500213623047,70.67500305175781,70.48500061035156,453200.0,42.86648941040039
2007-12-03,71.98999786376953,69.6449966430664,71.98999786376953,70.2699966430664,216800.0,42.73573303222656
2007-12-04,70.72000122070312,69.2750015258789,69.36000061035156,70.25,425200.0,42.72356414794922
2007-12-05,71.99500274658203,70.76000213623047,71.01000213623047,71.52999877929688,593400.0,43.50202178955078
2007-12-06,72.4000015258789,70.29000091552734,70.56999969482422,72.2249984741211,665600.0,43.924686431884766
2007-12-07,72.34500122070312,70.9000015258789,72.34500122070312,71.71499633789062,345200.0,43.614532470703125
2007-12-10,72.48999786376953,71.24500274658203,71.24500274658203,72.47000122070312,277200.0,44.07369613647461
2007-12-11,72.75,68.84500122070312,71.88999938964844,69.19999694824219,645800.0,42.08500289916992
2007-12-12,72.58999633789062,69.66500091552734,71.74500274658203,70.75499725341797,508600.0,43.03068542480469
2007-12-13,69.59500122070312,68.40499877929688,68.55999755859375,69.26000213623047,278800.0,42.12148666381836
2007-12-14,67.33999633789062,65.0,66.61499786376953,66.19999694824219,515200.0,40.260498046875
2007-12-17,65.5,63.845001220703125,65.29499816894531,63.974998474121094,543400.0,38.90732955932617
2007-12-18,65.04000091552734,63.459999084472656,64.95500183105469,64.58000183105469,736800.0,39.275272369384766
2007-12-19,64.36000061035156,62.665000915527344,64.36000061035156,63.2400016784668,2773200.0,38.4603385925293
2007-12-20,62.810001373291016,61.75,62.75,62.349998474121094,1442200.0,38.720542907714844
2007-12-21,64.86000061035156,63.79499816894531,64.26000213623047,64.81500244140625,520200.0,40.25136184692383
2007-12-24,65.98500061035156,65.0,65.0,65.75499725341797,133600.0,40.83511734008789
2007-12-26,66.36499786376953,65.55500030517578,65.66999816894531,65.94000244140625,98600.0,40.95000457763672
2007-12-27,67.98999786376953,66.59500122070312,67.62000274658203,66.8499984741211,202800.0,41.51512908935547
2007-12-28,68.37000274658203,66.79000091552734,68.1050033569336,67.41500091552734,90600.0,41.86601638793945
2007-12-31,66.38999938964844,64.9000015258789,66.38999938964844,65.05500030517578,138400.0,40.40039825439453
2008-01-02,67.4000015258789,65.2300033569336,66.80500030517578,65.875,350200.0,40.909629821777344
2008-01-03,67.22000122070312,66.07499694824219,66.07499694824219,66.48999786376953,210000.0,41.29156494140625
2008-01-04,66.49500274658203,64.19499969482422,66.49500274658203,64.69999694824219,450000.0,40.179935455322266
2008-01-07,65.25,63.97999954223633,64.63999938964844,64.48999786376953,349000.0,40.04951858520508
2008-01-08,66.83000183105469,64.16500091552734,65.87000274658203,64.46499633789062,404600.0,40.034000396728516
2008-01-09,66.50499725341797,64.56999969482422,65.65499877929688,66.49500274658203,374600.0,41.2946662902832
2008-01-10,66.62999725341797,64.25,64.59500122070312,66.11499786376953,335000.0,41.058685302734375
2008-01-11,65.56999969482422,63.77000045776367,64.90499877929688,64.33999633789062,317400.0,39.95637130737305
2008-01-14,66.66500091552734,65.70999908447266,66.24500274658203,66.6050033569336,346400.0,41.36298751831055
2008-01-15,65.32499694824219,63.09000015258789,65.04499816894531,63.54999923706055,278200.0,39.46576690673828
2008-01-16,62.709999084472656,59.71500015258789,61.69499969482422,60.45000076293945,455800.0,37.54059982299805
2008-01-17,61.70000076293945,58.20000076293945,61.584999084472656,58.5,409800.0,36.329612731933594
2008-01-18,60.79999923706055,58.345001220703125,60.79499816894531,59.43000030517578,847000.0,36.90716552734375
2008-01-22,59.40999984741211,56.064998626708984,56.064998626708984,58.619998931884766,1177400.0,36.404136657714844
2008-01-23,59.13999938964844,54.21500015258789,55.1349983215332,58.630001068115234,767600.0,36.410362243652344
2008-01-24,61.34000015258789,59.07500076293945,59.11000061035156,61.10499954223633,476800.0,37.9473762512207
2008-01-25,59.685001373291016,57.25,59.30500030517578,57.849998474121094,470200.0,35.92596435546875
2008-01-28,57.79999923706055,55.974998474121094,56.915000915527344,57.79999923706055,236000.0,35.89490509033203
2008-01-29,58.69499969482422,57.52000045776367,58.69499969482422,58.21500015258789,167800.0,36.15262985229492
2008-01-30,59.900001525878906,56.0,58.56999969482422,57.560001373291016,339400.0,35.74586486816406
2008-01-31,59.150001525878906,55.845001220703125,55.935001373291016,58.66999816894531,368000.0,36.43518829345703
2008-02-01,60.630001068115234,58.529998779296875,58.54999923706055,60.54499816894531,624200.0,37.59960174560547
2008-02-04,59.91999816894531,58.95000076293945,59.8849983215332,59.064998626708984,409400.0,36.680503845214844
2008-02-05,57.0099983215332,55.0,56.72999954223633,55.209999084472656,603800.0,34.28646469116211
2008-02-06,56.994998931884766,54.810001373291016,56.15999984741211,55.3650016784668,441800.0,34.382720947265625
2008-02-07,56.2599983215332,54.3849983215332,54.654998779296875,55.27000045776367,366000.0,34.32373046875
2008-02-08,55.1349983215332,53.8650016784668,54.35499954223633,54.619998931884766,185400.0,33.92007064819336
2008-02-11,55.77000045776367,53.375,53.904998779296875,54.599998474121094,397400.0,33.90763854980469
2008-02-12,57.375,55.654998779296875,56.25,56.060001373291016,662000.0,34.8143310546875
2008-02-13,57.349998474121094,55.83000183105469,57.275001525878906,57.084999084472656,294600.0,35.45087814331055
2008-02-14,58.53499984741211,57.119998931884766,58.53499984741211,57.220001220703125,528400.0,35.53472137451172
2008-02-15,57.650001525878906,56.73500061035156,57.619998931884766,57.20000076293945,173800.0,35.52229690551758
2008-02-19,59.83000183105469,58.220001220703125,59.380001068115234,58.5,313400.0,36.329612731933594
2008-02-20,59.025001525878906,56.83000183105469,57.14500045776367,58.625,361000.0,36.407249450683594
2008-02-21,59.68000030517578,58.06999969482422,59.5,58.26499938964844,818000.0,36.18368148803711
2008-02-22,60.005001068115234,58.040000915527344,60.005001068115234,59.38999938964844,310400.0,36.88233184814453
2008-02-25,60.75,59.18000030517578,59.90999984741211,60.69499969482422,352200.0,37.6927604675293
2008-02-26,63.345001220703125,61.3650016784668,61.494998931884766,63.189998626708984,711200.0,39.2421989440918
2008-02-27,63.494998931884766,61.900001525878906,62.40999984741211,62.619998931884766,281600.0,38.88821792602539
2008-02-28,62.25,61.349998474121094,62.189998626708984,61.525001525878906,460200.0,38.20820236206055
2008-02-29,61.380001068115234,59.150001525878906,61.380001068115234,59.2599983215332,388200.0,36.801597595214844
2008-03-03,61.404998779296875,60.064998626708984,60.775001525878906,60.94499969482422,471000.0,37.8480110168457
2008-03-04,60.75,58.77000045776367,60.75,59.90999984741211,146000.0,37.205257415771484
2008-03-05,60.279998779296875,58.845001220703125,59.40999984741211,59.89500045776367,364200.0,37.19594192504883
2008-03-06,59.59000015258789,57.5099983215332,59.41999816894531,57.61000061035156,288400.0,35.77690887451172
2008-03-07,58.625,56.88999938964844,57.94499969482422,57.540000915527344,401200.0,35.73344421386719
2008-03-10,58.20000076293945,56.91999816894531,58.040000915527344,57.15999984741211,163200.0,35.497459411621094
2008-03-11,61.5,59.314998626708984,59.67499923706055,61.5,550400.0,38.19268798828125
2008-03-12,61.79999923706055,60.7400016784668,61.189998626708984,61.14500045776367,483600.0,37.972206115722656
2008-03-13,61.5,59.34000015258789,59.619998931884766,60.834999084472656,265800.0,37.77969741821289
2008-03-14,60.654998779296875,58.78499984741211,60.6150016784668,59.67499923706055,205400.0,37.059322357177734
2008-03-17,57.584999084472656,55.255001068115234,55.6349983215332,57.025001525878906,326000.0,35.41361999511719
2008-03-18,59.93000030517578,58.255001068115234,58.30500030517578,59.93000030517578,259000.0,37.217674255371094
2008-03-19,59.404998779296875,56.040000915527344,59.404998779296875,56.25,327400.0,34.93232727050781
2008-03-20,55.86000061035156,54.27000045776367,55.599998474121094,55.845001220703125,216400.0,34.680816650390625
2008-03-24,57.29999923706055,55.994998931884766,55.994998931884766,56.64500045776367,292400.0,35.17763137817383
2008-03-25,57.5,56.41999816894531,56.81999969482422,57.42499923706055,226000.0,35.662025451660156
2008-03-26,58.400001525878906,57.30500030517578,57.75,57.76499938964844,430600.0,35.873165130615234
2008-03-27,58.904998779296875,57.93000030517578,58.7400016784668,58.09000015258789,722200.0,36.07499694824219
2008-03-28,57.560001373291016,56.45000076293945,57.31999969482422,56.599998474121094,130800.0,35.14968490600586
2008-03-31,56.7599983215332,55.97999954223633,56.25,56.619998931884766,488800.0,35.16210174560547
2008-04-01,58.834999084472656,56.5,56.55500030517578,58.51499938964844,435600.0,36.33893966674805
2008-04-02,60.70500183105469,59.314998626708984,59.83000183105469,60.03499984741211,460200.0,37.28289031982422
2008-04-03,61.404998779296875,59.6150016784668,59.93000030517578,60.72999954223633,221800.0,37.71449279785156
2008-04-04,60.974998474121094,59.94499969482422,60.75,59.96500015258789,355800.0,37.23940658569336
2008-04-07,62.45000076293945,61.32500076293945,61.5,61.6349983215332,195000.0,38.276512145996094
2008-04-08,62.435001373291016,61.314998626708984,61.314998626708984,61.97999954223633,228200.0,38.49076843261719
2008-04-09,62.154998779296875,61.04499816894531,61.939998626708984,61.595001220703125,275200.0,38.251678466796875
2008-04-10,62.435001373291016,60.93000030517578,61.5,61.75,116600.0,38.347930908203125
2008-04-11,62.375,61.03499984741211,61.7599983215332,61.244998931884766,233400.0,38.03431701660156
2008-04-14,61.220001220703125,59.54499816894531,61.1150016784668,60.540000915527344,499400.0,37.59649658203125
2008-04-15,61.59000015258789,60.709999084472656,61.349998474121094,61.45000076293945,216000.0,38.161624908447266
2008-04-16,62.915000915527344,61.78499984741211,62.025001525878906,62.650001525878906,252400.0,38.90685272216797
2008-04-17,63.125,61.89500045776367,62.025001525878906,63.08000183105469,162600.0,39.17388916015625
2008-04-18,63.494998931884766,62.94499969482422,63.415000915527344,63.0,402600.0,39.124210357666016
2008-04-21,63.599998474121094,63.099998474121094,63.275001525878906,63.39500045776367,97200.0,39.36951446533203
2008-04-22,64.46499633789062,63.54999923706055,63.849998474121094,63.959999084472656,202800.0,39.720394134521484
2008-04-23,63.8650016784668,63.119998931884766,63.689998626708984,63.720001220703125,138200.0,39.57134246826172
2008-04-24,63.29999923706055,62.23500061035156,62.64500045776367,62.654998779296875,244200.0,38.90995407104492
2008-04-25,63.619998931884766,62.45500183105469,63.16999816894531,63.060001373291016,143400.0,39.161476135253906
2008-04-28,64.1050033569336,63.244998931884766,63.63999938964844,63.279998779296875,292000.0,39.29808807373047
2008-04-29,63.84000015258789,62.775001525878906,63.4900016784668,62.970001220703125,317400.0,39.10557556152344
2008-04-30,63.30500030517578,62.5,62.724998474121094,62.755001068115234,498600.0,38.97205352783203
2008-05-01,63.05500030517578,62.165000915527344,62.5,62.875,280800.0,39.04658126831055
2008-05-02,64.30500030517578,63.220001220703125,63.86000061035156,63.42499923706055,128800.0,39.388145446777344
2008-05-05,64.38500213623047,63.80500030517578,63.900001525878906,64.2300033569336,157600.0,39.88806915283203
2008-05-06,66.73500061035156,64.80999755859375,64.87999725341797,66.69999694824219,304200.0,41.421974182128906
2008-05-07,67.0,65.2249984741211,66.69000244140625,65.2249984741211,437600.0,40.505985260009766
2008-05-08,66.48500061035156,65.625,65.79499816894531,66.48500061035156,160800.0,41.2884635925293
2008-05-09,65.67500305175781,65.05000305175781,65.2750015258789,65.3550033569336,301600.0,40.586700439453125
2008-05-12,67.0199966430664,65.77999877929688,65.77999877929688,66.66000366210938,147600.0,41.39714050292969
2008-05-13,67.05000305175781,66.05000305175781,66.52999877929688,66.66500091552734,133400.0,41.400245666503906
2008-05-14,67.34500122070312,65.53500366210938,67.34500122070312,65.62000274658203,264400.0,40.75127410888672
2008-05-15,67.6500015258789,66.04499816894531,66.42500305175781,67.57499694824219,162800.0,41.96536636352539
2008-05-16,68.75499725341797,67.72000122070312,68.43499755859375,68.44000244140625,265400.0,42.5025520324707
2008-05-19,69.36000061035156,67.99500274658203,68.65499877929688,68.29000091552734,182400.0,42.40939712524414
2008-05-20,67.82499694824219,66.58999633789062,67.3499984741211,67.19999694824219,253800.0,41.732479095458984
2008-05-21,68.06999969482422,66.12999725341797,67.67500305175781,66.2249984741211,252200.0,41.12698745727539
2008-05-22,67.5199966430664,66.76499938964844,66.76499938964844,66.95999908447266,546000.0,41.58344268798828
2008-05-23,66.68499755859375,66.18000030517578,66.36499786376953,66.41500091552734,159000.0,41.24498748779297
2008-05-27,65.13999938964844,64.08999633789062,64.58499908447266,65.03500366210938,332000.0,40.38798522949219
2008-05-28,65.37999725341797,64.2249984741211,64.68000030517578,65.05500030517578,134200.0,40.40039825439453
2008-05-29,65.83999633789062,64.68499755859375,65.83999633789062,65.04000091552734,664200.0,40.391082763671875
2008-05-30,65.34500122070312,64.79499816894531,65.13500213623047,64.8949966430664,249800.0,40.30104064941406
2008-06-02,64.22000122070312,62.650001525878906,64.22000122070312,63.005001068115234,471200.0,39.1273078918457
2008-06-03,63.25,61.875,63.005001068115234,62.17499923706055,812800.0,38.61186981201172
2008-06-04,62.61000061035156,61.33000183105469,61.7400016784668,61.75,312000.0,38.347930908203125
2008-06-05,63.19499969482422,62.0,62.01499938964844,63.130001068115234,359000.0,39.20493698120117
2008-06-06,62.77000045776367,61.290000915527344,62.19499969482422,61.599998474121094,442800.0,38.254783630371094
2008-06-09,61.439998626708984,59.974998474121094,61.39500045776367,60.77000045776367,252800.0,37.73933792114258
2008-06-10,60.099998474121094,59.21500015258789,59.6349983215332,59.349998474121094,183200.0,36.857486724853516
2008-06-11,58.82500076293945,57.810001373291016,58.56999969482422,58.0,1743200.0,36.01911926269531
2008-06-12,58.625,57.525001525878906,58.3650016784668,57.70500183105469,435400.0,35.83591079711914
2008-06-13,58.994998931884766,57.845001220703125,57.869998931884766,58.994998931884766,250800.0,36.637020111083984
2008-06-16,59.72999954223633,58.63999938964844,59.30500030517578,59.29999923706055,182000.0,36.82643127441406
2008-06-17,59.345001220703125,58.09000015258789,59.345001220703125,58.54499816894531,379800.0,36.357566833496094
2008-06-18,58.290000915527344,57.28499984741211,58.290000915527344,57.79999923706055,475200.0,35.89490509033203
2008-06-19,58.89500045776367,57.904998779296875,58.369998931884766,58.32500076293945,409600.0,36.220947265625
2008-06-20,57.150001525878906,56.189998626708984,57.150001525878906,56.584999084472656,223800.0,35.14036560058594
2008-06-23,56.439998626708984,55.540000915527344,56.0,56.27000045776367,313800.0,34.94474792480469
2008-06-24,56.66999816894531,55.005001068115234,55.83000183105469,55.86000061035156,261200.0,34.690128326416016
2008-06-25,56.689998626708984,55.16999816894531,55.29499816894531,56.095001220703125,438400.0,35.74177551269531
2008-06-26,56.380001068115234,54.744998931884766,55.95000076293945,55.28499984741211,542400.0,35.22567367553711
2008-06-27,56.869998931884766,55.974998474121094,56.67499923706055,56.599998474121094,453200.0,36.06353759765625
2008-06-30,57.58000183105469,56.51499938964844,57.1349983215332,56.92499923706055,754000.0,36.27061462402344
2008-07-01,55.72999954223633,54.43000030517578,55.099998474121094,55.375,300200.0,35.283016204833984
2008-07-02,56.130001068115234,53.790000915527344,56.099998474121094,53.790000915527344,157400.0,34.27311325073242
2008-07-03,54.529998779296875,53.08000183105469,54.064998626708984,53.42499923706055,467800.0,34.04054260253906
2008-07-07,54.59000015258789,53.0099983215332,54.09000015258789,53.529998779296875,142600.0,34.107444763183594
2008-07-08,54.7599983215332,53.334999084472656,54.1349983215332,54.7599983215332,306000.0,34.891151428222656
2008-07-09,55.15999984741211,53.10499954223633,54.915000915527344,53.130001068115234,346000.0,33.85258102416992
2008-07-10,54.63999938964844,53.334999084472656,54.14500045776367,54.30500030517578,306200.0,34.60123825073242
2008-07-11,55.25,53.375,53.375,54.665000915527344,107200.0,34.83062744140625
2008-07-14,55.35499954223633,54.08000183105469,55.064998626708984,54.43000030517578,97000.0,34.68089294433594
2008-07-15,54.5,53.07500076293945,53.92499923706055,53.28499984741211,411000.0,33.95133590698242
2008-07-16,54.845001220703125,53.83000183105469,54.33000183105469,54.814998626708984,179400.0,34.92620086669922
2008-07-17,57.61000061035156,56.0,56.040000915527344,56.935001373291016,209400.0,36.27699279785156
2008-07-18,56.43000030517578,55.189998626708984,56.43000030517578,55.685001373291016,237200.0,35.48053741455078
2008-07-21,55.76499938964844,54.9900016784668,55.7400016784668,55.21500015258789,149800.0,35.181060791015625
2008-07-22,55.97999954223633,54.4900016784668,54.4900016784668,55.97999954223633,218400.0,35.66849899291992
2008-07-23,55.689998626708984,54.915000915527344,55.345001220703125,55.040000915527344,131400.0,35.06956100463867
2008-07-24,56.2400016784668,53.459999084472656,55.72999954223633,53.52000045776367,283000.0,34.10107421875
2008-07-25,54.779998779296875,54.0,54.2599983215332,54.75,135400.0,34.884788513183594
2008-07-28,55.75,54.599998474121094,55.349998474121094,54.65999984741211,31200.0,34.82744216918945
2008-07-29,56.88999938964844,55.720001220703125,55.86000061035156,56.43000030517578,132500.0,35.95522689819336
2008-07-30,58.13999938964844,56.630001068115234,56.66999816894531,58.13999938964844,112100.0,37.044769287109375
2008-07-31,58.4900016784668,57.38999938964844,57.83000183105469,57.58000183105469,65900.0,36.68795394897461
2008-08-01,57.040000915527344,55.79999923706055,57.040000915527344,56.31999969482422,98700.0,35.885128021240234
2008-08-04,55.56999969482422,54.27000045776367,55.279998779296875,54.5,85600.0,34.72549819946289
2008-08-05,55.709999084472656,54.47999954223633,54.63999938964844,55.13999938964844,166900.0,35.13328170776367
2008-08-06,56.27000045776367,54.869998931884766,55.59000015258789,56.2599983215332,227600.0,35.846900939941406
2008-08-07,55.290000915527344,53.7400016784668,55.290000915527344,53.79999923706055,140800.0,34.27947235107422
2008-08-08,54.20000076293945,52.119998931884766,52.529998779296875,53.5,456200.0,34.08833312988281
2008-08-11,53.77000045776367,52.790000915527344,53.75,52.900001525878906,164400.0,33.706016540527344
2008-08-12,53.029998779296875,52.119998931884766,53.029998779296875,52.5,91300.0,33.4511604309082
2008-08-13,53.529998779296875,52.0099983215332,52.11000061035156,53.22999954223633,201800.0,33.91629409790039
2008-08-14,54.900001525878906,53.529998779296875,53.77000045776367,54.16999816894531,316600.0,34.515228271484375
2008-08-15,53.52000045776367,52.779998779296875,53.189998626708984,53.470001220703125,136400.0,34.0692138671875
2008-08-18,54.52000045776367,52.63999938964844,54.08000183105469,52.7400016784668,57200.0,33.604087829589844
2008-08-19,52.5,51.22999954223633,51.56999969482422,52.040000915527344,171900.0,33.1580696105957
2008-08-20,52.45000076293945,51.650001525878906,51.9900016784668,52.31999969482422,109200.0,33.33647537231445
2008-08-21,54.439998626708984,52.22999954223633,52.22999954223633,54.119998931884766,112900.0,34.483375549316406
2008-08-22,54.52000045776367,53.52000045776367,54.0,53.619998931884766,231100.0,34.1647834777832
2008-08-25,53.630001068115234,52.2599983215332,53.54999923706055,52.5099983215332,121500.0,33.45753479003906
2008-08-26,52.65999984741211,52.0,52.0,52.47999954223633,99100.0,33.43841552734375
2008-08-27,54.45000076293945,53.11000061035156,53.11000061035156,54.38999938964844,115100.0,34.6554069519043
2008-08-28,56.25,55.5099983215332,55.709999084472656,55.79999923706055,150400.0,35.553802490234375
2008-08-29,55.70000076293945,54.900001525878906,55.279998779296875,55.060001373291016,81300.0,35.082298278808594
2008-09-02,53.91999816894531,52.45000076293945,52.630001068115234,52.869998931884766,188200.0,33.686912536621094
2008-09-03,53.2400016784668,52.0,52.900001525878906,52.40999984741211,90200.0,33.39381790161133
2008-09-04,53.04999923706055,50.0099983215332,52.970001220703125,50.189998626708984,184200.0,31.979305267333984
2008-09-05,51.13999938964844,49.810001373291016,50.400001525878906,51.099998474121094,736100.0,32.55913162231445
2008-09-08,53.45000076293945,51.279998779296875,53.45000076293945,52.400001525878906,385400.0,33.38744354248047
2008-09-09,51.91999816894531,49.119998931884766,51.91999816894531,49.31999969482422,815300.0,31.42498207092285
2008-09-10,50.310001373291016,49.08000183105469,49.91999816894531,49.43000030517578,301000.0,31.495067596435547
2008-09-11,49.43000030517578,47.27000045776367,47.560001373291016,49.380001068115234,359100.0,31.463199615478516
2008-09-12,51.439998626708984,49.029998779296875,49.22999954223633,50.91999816894531,338500.0,32.44444274902344
2008-09-15,50.029998779296875,48.0,48.06999969482422,48.0,385300.0,30.58391761779785
2008-09-16,49.040000915527344,46.0099983215332,46.0099983215332,48.93000030517578,508700.0,31.176481246948242
2008-09-17,47.529998779296875,45.599998474121094,46.88999938964844,45.959999084472656,708500.0,29.284095764160156
2008-09-18,49.0,44.41999816894531,46.2599983215332,47.810001373291016,1155200.0,30.462858200073242
2008-09-19,53.0,49.970001220703125,51.40999984741211,50.95000076293945,407100.0,32.463565826416016
2008-09-22,52.540000915527344,50.95000076293945,51.529998779296875,51.0099983215332,135800.0,32.50178527832031
2008-09-23,49.849998474121094,47.029998779296875,49.349998474121094,47.5,431500.0,30.26534652709961
2008-09-24,48.119998931884766,47.189998626708984,47.27000045776367,47.689998626708984,169100.0,30.386398315429688
2008-09-25,49.66999816894531,47.970001220703125,48.4900016784668,49.150001525878906,279700.0,31.31667137145996
2008-09-26,49.029998779296875,47.38999938964844,48.689998626708984,48.849998474121094,573500.0,31.125505447387695
2008-09-29,46.939998626708984,41.25,46.939998626708984,43.04999923706055,379500.0,27.429950714111328
2008-09-30,49.060001373291016,45.65999984741211,45.900001525878906,49.060001373291016,625300.0,31.259315490722656
2008-10-01,48.099998474121094,46.33000183105469,47.439998626708984,47.7599983215332,155400.0,30.430997848510742
2008-10-02,45.849998474121094,42.59000015258789,45.52000045776367,42.779998779296875,257300.0,27.257919311523438
2008-10-03,44.97999954223633,41.790000915527344,42.81999969482422,41.790000915527344,1036900.0,26.627126693725586
2008-10-06,39.91999816894531,36.529998779296875,39.22999954223633,38.84000015258789,529500.0,24.74748992919922
2008-10-07,39.34000015258789,35.9900016784668,38.43000030517578,36.16999816894531,565100.0,23.046253204345703
2008-10-08,38.97999954223633,35.380001068115234,35.7400016784668,37.54999923706055,462900.0,23.925546646118164
2008-10-09,39.959999084472656,34.5,39.0,34.5,502800.0,21.982192993164062
2008-10-10,37.04999923706055,32.0,34.79999923706055,35.5,1173800.0,22.619359970092773
2008-10-13,40.15999984741211,37.5,38.25,40.15999984741211,955600.0,25.588544845581055
2008-10-14,41.79999923706055,37.959999084472656,41.709999084472656,39.040000915527344,574000.0,24.874916076660156
2008-10-15,36.959999084472656,30.0,36.959999084472656,31.200000762939453,687900.0,19.879547119140625
2008-10-16,34.08000183105469,30.229999542236328,32.630001068115234,33.97999954223633,564300.0,21.650867462158203
2008-10-17,33.70000076293945,31.219999313354492,31.229999542236328,31.920000076293945,643000.0,20.338306427001953
2008-10-20,34.02000045776367,32.20000076293945,32.20000076293945,34.02000045776367,365300.0,21.676353454589844
2008-10-21,32.27000045776367,30.6200008392334,31.100000381469727,30.6200008392334,378200.0,19.50998878479004
2008-10-22,29.959999084472656,25.709999084472656,29.600000381469727,26.239999771118164,323300.0,16.719207763671875
2008-10-23,29.0,25.559999465942383,27.18000030517578,27.90999984741211,629800.0,17.783273696899414
2008-10-24,27.75,24.81999969482422,24.81999969482422,26.899999618530273,407100.0,17.13973617553711
2008-10-27,27.709999084472656,25.549999237060547,25.549999237060547,25.8700008392334,463400.0,16.483461380004883
2008-10-28,32.650001525878906,27.65999984741211,28.760000228881836,31.799999237060547,836400.0,20.261850357055664
2008-10-29,35.0,31.399999618530273,31.399999618530273,32.470001220703125,409700.0,20.688749313354492
2008-10-30,34.65999984741211,32.61000061035156,34.65999984741211,33.970001220703125,643300.0,21.64449691772461
2008-10-31,35.779998779296875,33.5,34.2400016784668,34.52000045776367,260200.0,21.99493408203125
2008-11-03,35.13999938964844,33.97999954223633,34.880001068115234,34.119998931884766,227400.0,21.740068435668945
2008-11-04,37.22999954223633,34.709999084472656,34.709999084472656,37.22999954223633,517800.0,23.721649169921875
2008-11-05,35.72999954223633,33.040000915527344,34.689998626708984,33.18000030517578,344800.0,21.141136169433594
2008-11-06,33.2400016784668,30.290000915527344,33.119998931884766,30.950000762939453,403100.0,19.720260620117188
2008-11-07,32.810001373291016,30.850000381469727,31.18000030517578,32.599998474121094,441900.0,20.771575927734375
2008-11-10,34.380001068115234,32.369998931884766,33.630001068115234,33.25,417400.0,21.185741424560547
2008-11-11,32.939998626708984,31.219999313354492,32.22999954223633,31.719999313354492,654300.0,20.210872650146484
2008-11-12,31.1299991607666,29.100000381469727,30.610000610351562,29.149999618530273,534900.0,18.57335662841797
2008-11-13,33.380001068115234,28.100000381469727,29.969999313354492,33.380001068115234,700000.0,21.26856803894043
2008-11-14,32.849998474121094,30.5,32.220001220703125,30.979999542236328,501600.0,19.739368438720703
2008-11-17,31.920000076293945,30.200000762939453,31.610000610351562,30.200000762939453,292900.0,19.242385864257812
2008-11-18,31.020000457763672,28.84000015258789,29.450000762939453,30.59000015258789,279000.0,19.49087905883789
2008-11-19,31.25,28.09000015258789,30.520000457763672,28.350000381469727,454700.0,18.063629150390625
2008-11-20,29.0,25.899999618530273,27.709999084472656,26.010000228881836,420200.0,16.572664260864258
2008-11-21,30.90999984741211,27.6200008392334,28.579999923706055,30.90999984741211,228900.0,19.69476890563965
2008-11-24,33.189998626708984,30.81999969482422,30.81999969482422,31.969999313354492,514800.0,20.370168685913086
2008-11-25,34.959999084472656,32.400001525878906,33.97999954223633,33.459999084472656,282800.0,21.319541931152344
2008-11-26,35.40999984741211,33.16999816894531,33.81999969482422,35.380001068115234,248800.0,22.542896270751953
2008-11-28,35.310001373291016,34.119998931884766,34.2400016784668,35.310001373291016,162500.0,22.49829864501953
2008-12-01,33.619998931884766,30.860000610351562,33.619998931884766,31.239999771118164,428500.0,19.905031204223633
2008-12-02,32.5,30.8700008392334,30.8700008392334,32.34000015258789,362700.0,20.60591697692871
2008-12-03,33.22999954223633,30.959999084472656,30.959999084472656,33.099998474121094,277100.0,21.090158462524414
2008-12-04,33.08000183105469,31.139999389648438,32.36000061035156,31.520000457763672,467100.0,20.08344078063965
2008-12-05,33.439998626708984,30.639999389648438,31.579999923706055,33.0099983215332,533100.0,21.03281593322754
2008-12-08,34.84000015258789,33.599998474121094,33.93000030517578,34.36000061035156,290200.0,21.892990112304688
2008-12-09,35.25,33.77000045776367,34.36000061035156,34.29999923706055,323700.0,21.854759216308594
2008-12-10,36.84000015258789,35.040000915527344,35.040000915527344,36.34000015258789,796100.0,23.15457534790039
2008-12-11,37.0,35.06999969482422,35.65999984741211,35.5,405700.0,22.619359970092773
2008-12-12,35.5,33.7400016784668,33.900001525878906,35.15999984741211,407000.0,22.402721405029297
2008-12-15,35.52000045776367,34.31999969482422,35.34000015258789,34.689998626708984,272700.0,22.103252410888672
2008-12-16,37.63999938964844,34.25,34.29999923706055,37.380001068115234,623800.0,23.817230224609375
2008-12-17,38.0,36.40999984741211,36.40999984741211,36.959999084472656,249600.0,23.54961585998535
2008-12-18,38.20000076293945,36.5,37.369998931884766,36.52000045776367,368200.0,23.269268035888672
2008-12-19,36.70000076293945,35.4900016784668,36.040000915527344,35.93000030517578,308900.0,22.893339157104492
2008-12-22,36.79999923706055,34.88999938964844,36.11000061035156,35.36000061035156,244900.0,22.5301570892334
2008-12-23,35.86000061035156,34.970001220703125,34.970001220703125,35.380001068115234,215600.0,23.145763397216797
2008-12-24,35.29999923706055,34.25,35.040000915527344,34.93000030517578,37600.0,22.85137176513672
2008-12-26,36.0,34.599998474121094,35.790000915527344,35.810001373291016,59800.0,23.427072525024414
2008-12-29,36.9900016784668,36.27000045776367,36.880001068115234,36.56999969482422,72400.0,23.924264907836914
2008-12-30,38.0,36.619998931884766,37.16999816894531,38.0,125400.0,24.859779357910156
2008-12-31,38.59000015258789,37.130001068115234,38.06999969482422,38.529998779296875,175400.0,25.206504821777344
2009-01-02,39.7599983215332,37.84000015258789,38.5099983215332,39.4900016784668,394700.0,25.83454132080078
2009-01-05,39.790000915527344,38.709999084472656,39.08000183105469,39.36000061035156,1120400.0,25.749488830566406
2009-01-06,40.790000915527344,39.439998626708984,39.77000045776367,40.220001220703125,791600.0,26.312114715576172
2009-01-07,39.5,37.4900016784668,39.38999938964844,37.880001068115234,811200.0,24.781278610229492
2009-01-08,37.720001220703125,36.59000015258789,36.9900016784668,37.650001525878906,358600.0,24.630807876586914
2009-01-09,38.310001373291016,36.86000061035156,38.11000061035156,37.20000076293945,758200.0,24.336414337158203
2009-01-12,36.849998474121094,35.029998779296875,36.650001525878906,35.040000915527344,420000.0,22.923336029052734
2009-01-13,35.400001525878906,34.47999954223633,34.75,34.90999984741211,214600.0,22.838285446166992
2009-01-14,34.08000183105469,32.25,33.689998626708984,32.459999084472656,652200.0,21.235477447509766
2009-01-15,34.349998474121094,32.150001525878906,33.5,33.939998626708984,568000.0,22.203702926635742
2009-01-16,34.84000015258789,32.869998931884766,34.599998474121094,34.2400016784668,379900.0,22.399972915649414
2009-01-20,32.91999816894531,31.15999984741211,32.439998626708984,31.469999313354492,263900.0,20.587818145751953
2009-01-21,33.7400016784668,31.68000030517578,32.25,33.65999984741211,313100.0,22.020526885986328
2009-01-22,33.22999954223633,31.59000015258789,31.59000015258789,32.619998931884766,230300.0,21.34015655517578
2009-01-23,32.95000076293945,30.520000457763672,30.84000015258789,32.560001373291016,291500.0,21.300907135009766
2009-01-26,33.599998474121094,32.41999816894531,32.79999923706055,33.040000915527344,441400.0,21.614925384521484
2009-01-27,34.58000183105469,33.70000076293945,33.869998931884766,34.349998474121094,322200.0,22.471925735473633
2009-01-28,35.95000076293945,34.900001525878906,35.04999923706055,35.65999984741211,438800.0,23.328941345214844
2009-01-29,34.650001525878906,33.33000183105469,34.27000045776367,33.900001525878906,281900.0,22.17753791809082
2009-01-30,34.0,32.72999954223633,34.0,33.15999984741211,279900.0,21.69342613220215
2009-02-02,32.97999954223633,31.899999618530273,32.04999923706055,32.790000915527344,638600.0,21.451374053955078
2009-02-03,33.939998626708984,32.650001525878906,32.790000915527344,33.7599983215332,323700.0,22.085947036743164
2009-02-04,34.20000076293945,33.0,33.33000183105469,33.31999969482422,902900.0,21.79810333251953
2009-02-05,34.66999816894531,33.099998474121094,33.220001220703125,34.36000061035156,466100.0,22.478473663330078
2009-02-06,36.77000045776367,34.79999923706055,34.79999923706055,36.63999938964844,181500.0,23.970056533813477
2009-02-09,37.0099983215332,36.060001373291016,36.97999954223633,36.27000045776367,192400.0,23.72800636291504
2009-02-10,36.15999984741211,33.61000061035156,36.02000045776367,33.70000076293945,180800.0,22.04669952392578
2009-02-11,35.16999816894531,34.310001373291016,34.61000061035156,34.77000045776367,360600.0,22.746692657470703
2009-02-12,35.43000030517578,33.7599983215332,33.81999969482422,35.43000030517578,308300.0,23.178468704223633
2009-02-13,34.61000061035156,33.459999084472656,34.06999969482422,34.2599983215332,284000.0,22.413053512573242
2009-02-17,33.04999923706055,32.43000030517578,32.5,32.59000015258789,352700.0,21.320531845092773
2009-02-18,33.130001068115234,32.18000030517578,32.849998474121094,32.79999923706055,363700.0,21.45791244506836
2009-02-19,33.939998626708984,32.41999816894531,33.77000045776367,32.58000183105469,308700.0,21.313989639282227
2009-02-20,32.849998474121094,31.729999542236328,32.0,32.5099983215332,383500.0,21.2681941986084
2009-02-23,33.0,31.329999923706055,32.91999816894531,31.34000015258789,260300.0,20.50277328491211
2009-02-24,33.400001525878906,31.270000457763672,31.40999984741211,33.08000183105469,383600.0,21.641090393066406
2009-02-25,33.150001525878906,31.75,32.31999969482422,32.2599983215332,368200.0,21.10464096069336
2009-02-26,33.52000045776367,32.36000061035156,33.11000061035156,32.47999954223633,670800.0,21.248567581176758
2009-02-27,31.639999389648438,30.6299991607666,31.229999542236328,30.6299991607666,373500.0,20.03829002380371
2009-03-02,30.690000534057617,28.75,30.209999084472656,28.90999984741211,282800.0,18.91305923461914
2009-03-03,29.81999969482422,28.639999389648438,29.3799991607666,29.270000457763672,286400.0,19.148569107055664
2009-03-04,30.959999084472656,29.719999313354492,29.989999771118164,30.459999084472656,261200.0,19.927074432373047
2009-03-05,29.690000534057617,28.43000030517578,29.360000610351562,28.75,377400.0,18.808382034301758
2009-03-06,29.950000762939453,28.56999969482422,29.40999984741211,29.489999771118164,488500.0,19.292499542236328
2009-03-09,29.170000076293945,28.399999618530273,28.65999984741211,28.600000381469727,248800.0,18.710254669189453
2009-03-10,30.700000762939453,29.43000030517578,29.43000030517578,30.68000030517578,480200.0,20.071002960205078
2009-03-11,31.979999542236328,31.049999237060547,31.100000381469727,31.739999771118164,284100.0,20.76445770263672
2009-03-12,34.040000915527344,31.700000762939453,31.700000762939453,33.68000030517578,203300.0,22.033613204956055
2009-03-13,34.11000061035156,33.15999984741211,33.81999969482422,33.619998931884766,325100.0,21.99436378479004
2009-03-16,34.619998931884766,33.599998474121094,34.08000183105469,33.689998626708984,428200.0,22.0401554107666
2009-03-17,34.119998931884766,32.869998931884766,33.33000183105469,34.04999923706055,319700.0,22.275667190551758
2009-03-18,35.06999969482422,32.849998474121094,33.970001220703125,34.880001068115234,511900.0,22.818662643432617
2009-03-19,36.5,35.54999923706055,36.2599983215332,35.75,484000.0,23.3878173828125
2009-03-20,36.5,35.58000183105469,36.11000061035156,36.06999969482422,464900.0,23.5971622467041
2009-03-23,39.0,37.36000061035156,37.38999938964844,38.90999984741211,439800.0,25.45510482788086
2009-03-24,38.400001525878906,37.540000915527344,37.810001373291016,37.70000076293945,265100.0,24.66351318359375
2009-03-25,39.0,37.34000015258789,37.68000030517578,38.43000030517578,662500.0,25.141084671020508
2009-03-26,39.31999969482422,38.529998779296875,39.0,39.189998626708984,383100.0,25.63828468322754
2009-03-27,37.54999923706055,36.20000076293945,37.369998931884766,36.54999923706055,547600.0,23.911178588867188
2009-03-30,35.63999938964844,34.93000030517578,35.0,35.63999938964844,388700.0,23.315855026245117
2009-03-31,37.61000061035156,36.689998626708984,37.029998779296875,37.20000076293945,388000.0,24.336414337158203
2009-04-01,38.900001525878906,37.060001373291016,37.34000015258789,38.68000030517578,387500.0,25.30463981628418
2009-04-02,40.560001373291016,39.41999816894531,39.5,39.70000076293945,358900.0,25.9719295501709
2009-04-03,40.13999938964844,39.09000015258789,39.41999816894531,40.06999969482422,262300.0,26.21398162841797
2009-04-06,39.16999816894531,38.2599983215332,38.599998474121094,38.869998931884766,210800.0,25.428939819335938
2009-04-07,38.290000915527344,37.54999923706055,37.869998931884766,37.720001220703125,140800.0,24.676603317260742
2009-04-08,38.959999084472656,37.779998779296875,38.31999969482422,38.540000915527344,182800.0,25.213050842285156
2009-04-09,39.61000061035156,39.130001068115234,39.279998779296875,39.459999084472656,161100.0,25.81492042541504
2009-04-13,40.38999938964844,39.43000030517578,39.630001068115234,39.97999954223633,213000.0,26.155101776123047
2009-04-14,40.5,39.20000076293945,40.5,39.20000076293945,355600.0,25.644819259643555
2009-04-15,39.56999969482422,38.70000076293945,38.79999923706055,39.56999969482422,260300.0,25.886877059936523
2009-04-16,40.40999984741211,39.15999984741211,40.02000045776367,40.150001525878906,141000.0,26.266319274902344
2009-04-17,39.75,38.93000030517578,39.63999938964844,39.130001068115234,479300.0,25.599035263061523
2009-04-20,38.0,37.119998931884766,37.9900016784668,37.119998931884766,251100.0,24.284074783325195
2009-04-21,37.7400016784668,36.02000045776367,36.619998931884766,37.560001373291016,577700.0,24.571929931640625
2009-04-22,38.310001373291016,36.880001068115234,37.43000030517578,37.459999084472656,310100.0,24.506507873535156
2009-04-23,38.68000030517578,37.90999984741211,38.5,38.63999938964844,359200.0,25.27846908569336
2009-04-24,40.22999954223633,39.08000183105469,39.25,39.90999984741211,227000.0,26.10930633544922
2009-04-27,39.7599983215332,38.810001373291016,39.65999984741211,39.0099983215332,471700.0,25.52052116394043
2009-04-28,40.529998779296875,38.650001525878906,39.06999969482422,40.029998779296875,415500.0,26.18780517578125
2009-04-29,41.63999938964844,40.400001525878906,40.720001220703125,41.290000915527344,605700.0,27.01211166381836
2009-04-30,41.58000183105469,40.380001068115234,41.290000915527344,40.54999923706055,291800.0,26.52800178527832
2009-05-01,41.470001220703125,40.470001220703125,40.470001220703125,41.27000045776367,289700.0,26.999027252197266
2009-05-04,44.52000045776367,42.689998626708984,42.689998626708984,44.43000030517578,348500.0,29.06631851196289
2009-05-05,43.810001373291016,42.849998474121094,43.380001068115234,43.22999954223633,309800.0,28.281269073486328
2009-05-06,44.88999938964844,43.06999969482422,43.34000015258789,44.36000061035156,247400.0,29.020519256591797
2009-05-07,44.400001525878906,42.5,44.20000076293945,42.75,635400.0,27.96724510192871
2009-05-08,44.88999938964844,43.27000045776367,43.95000076293945,44.79999923706055,494700.0,29.308368682861328
2009-05-11,44.27000045776367,43.20000076293945,43.650001525878906,43.41999816894531,251800.0,28.405567169189453
2009-05-12,44.310001373291016,43.11000061035156,43.619998931884766,44.150001525878906,379100.0,28.88314437866211
2009-05-13,42.970001220703125,41.88999938964844,42.77000045776367,42.09000015258789,327600.0,27.535472869873047
2009-05-14,43.25,41.5,41.86000061035156,42.79999923706055,483500.0,27.99995994567871
2009-05-15,43.36000061035156,41.540000915527344,42.810001373291016,42.08000183105469,356300.0,27.528942108154297
2009-05-18,43.790000915527344,42.16999816894531,42.16999816894531,43.65999984741211,311900.0,28.562578201293945
2009-05-19,45.38999938964844,44.0099983215332,44.08000183105469,44.45000076293945,357000.0,29.079397201538086
2009-05-20,46.290000915527344,45.11000061035156,45.11000061035156,45.41999816894531,331100.0,29.713979721069336
2009-05-21,45.279998779296875,43.5,44.41999816894531,45.27000045776367,435100.0,29.61583709716797
2009-05-22,46.029998779296875,45.290000915527344,45.849998474121094,45.4900016784668,219900.0,29.759775161743164
2009-05-26,46.099998474121094,44.15999984741211,44.400001525878906,46.060001373291016,367600.0,30.132665634155273
2009-05-27,47.0,45.65999984741211,46.54999923706055,45.91999816894531,714200.0,30.041080474853516
2009-05-28,47.540000915527344,46.400001525878906,46.90999984741211,47.540000915527344,760700.0,31.10089683532715
2009-05-29,48.61000061035156,47.38999938964844,47.95000076293945,48.02000045776367,693200.0,31.41490936279297
2009-06-01,49.5,48.54999923706055,49.040000915527344,49.15999984741211,589800.0,32.160701751708984
2009-06-02,49.310001373291016,47.97999954223633,48.41999816894531,49.18000030517578,689500.0,32.17378616333008
2009-06-03,48.18000030517578,46.58000183105469,48.18000030517578,47.38999938964844,879700.0,31.002763748168945
2009-06-04,48.63999938964844,47.290000915527344,47.810001373291016,48.439998626708984,348800.0,31.689674377441406
2009-06-05,48.40999984741211,46.91999816894531,48.40999984741211,47.66999816894531,284400.0,31.185937881469727
2009-06-08,47.459999084472656,46.02000045776367,46.619998931884766,47.2599983215332,464300.0,30.917709350585938
2009-06-09,47.77000045776367,46.95000076293945,47.43000030517578,47.29999923706055,255900.0,30.943883895874023
2009-06-10,48.02000045776367,46.5,48.02000045776367,47.279998779296875,382000.0,30.9307918548584
2009-06-11,48.5099983215332,47.189998626708984,47.279998779296875,47.81999969482422,412600.0,31.2840633392334
2009-06-12,47.70000076293945,47.060001373291016,47.4900016784668,47.70000076293945,310900.0,31.20556640625
2009-06-15,47.08000183105469,46.08000183105469,47.04999923706055,46.560001373291016,579600.0,30.45977020263672
2009-06-16,47.349998474121094,46.04999923706055,47.0,46.20000076293945,624400.0,30.224262237548828
2009-06-17,46.2599983215332,45.029998779296875,45.709999084472656,45.91999816894531,563700.0,30.041080474853516
2009-06-18,46.0,45.189998626708984,45.459999084472656,45.599998474121094,671800.0,29.831735610961914
2009-06-19,46.06999969482422,45.40999984741211,46.040000915527344,45.650001525878906,312400.0,29.86444091796875
2009-06-22,44.869998931884766,43.650001525878906,44.7599983215332,43.650001525878906,569000.0,28.55603790283203
2009-06-23,43.72999954223633,42.689998626708984,42.689998626708984,43.31999969482422,364900.0,28.995798110961914
2009-06-24,44.970001220703125,43.970001220703125,44.20000076293945,44.43000030517578,494000.0,29.73876190185547
2009-06-25,45.72999954223633,44.459999084472656,44.58000183105469,45.689998626708984,438500.0,30.582124710083008
2009-06-26,46.540000915527344,45.7599983215332,45.7599983215332,46.20000076293945,478300.0,30.92348861694336
2009-06-29,47.15999984741211,46.380001068115234,47.13999938964844,46.66999816894531,362000.0,31.238075256347656
2009-06-30,47.439998626708984,46.56999969482422,47.439998626708984,47.27000045776367,581300.0,31.639678955078125
2009-07-01,48.209999084472656,47.59000015258789,48.209999084472656,47.79999923706055,466000.0,31.994436264038086
2009-07-02,46.779998779296875,46.279998779296875,46.650001525878906,46.29999923706055,184800.0,30.99042320251465
2009-07-06,45.619998931884766,44.5099983215332,44.88999938964844,45.619998931884766,239400.0,30.535282135009766
2009-07-07,45.619998931884766,44.4900016784668,45.2599983215332,44.709999084472656,515100.0,29.926170349121094
2009-07-08,44.7599983215332,43.060001373291016,44.439998626708984,43.5099983215332,549900.0,29.12296485900879
2009-07-09,45.43000030517578,44.529998779296875,45.02000045776367,45.0,514300.0,30.12028694152832
2009-07-10,44.709999084472656,43.959999084472656,44.220001220703125,44.68000030517578,221500.0,29.906091690063477
2009-07-13,45.150001525878906,43.93000030517578,44.18000030517578,45.099998474121094,534600.0,30.187210083007812
2009-07-14,45.970001220703125,45.2599983215332,45.38999938964844,45.720001220703125,252300.0,30.602209091186523
2009-07-15,48.06999969482422,46.86000061035156,46.95000076293945,47.90999984741211,407400.0,32.068058013916016
2009-07-16,48.540000915527344,47.06999969482422,47.5,48.099998474121094,536800.0,32.19523239135742
2009-07-17,48.43000030517578,47.13999938964844,47.709999084472656,48.20000076293945,191700.0,32.262168884277344
2009-07-20,49.79999923706055,48.709999084472656,49.02000045776367,49.68000030517578,461300.0,33.25279235839844
2009-07-21,50.40999984741211,49.11000061035156,50.40999984741211,49.79999923706055,331900.0,33.333106994628906
2009-07-22,50.900001525878906,49.310001373291016,49.310001373291016,50.13999938964844,322000.0,33.560691833496094
2009-07-23,51.380001068115234,49.97999954223633,50.2400016784668,50.900001525878906,389400.0,34.06937789916992
2009-07-24,50.709999084472656,49.849998474121094,50.43000030517578,50.540000915527344,433800.0,33.82841491699219
2009-07-27,50.34000015258789,49.27000045776367,49.27000045776367,50.31999969482422,318700.0,33.6811637878418
2009-07-28,49.15999984741211,48.0,48.790000915527344,49.119998931884766,395300.0,32.87796401977539
2009-07-29,48.439998626708984,47.709999084472656,48.15999984741211,48.13999938964844,447100.0,32.22200393676758
2009-07-30,49.58000183105469,48.5,49.36000061035156,48.5,481200.0,32.46296691894531
2009-07-31,50.310001373291016,48.91999816894531,49.11000061035156,49.7599983215332,965600.0,33.30634307861328
2009-08-03,51.56999969482422,50.75,50.7599983215332,51.349998474121094,1052400.0,34.370582580566406
2009-08-04,51.20000076293945,49.84000015258789,49.84000015258789,50.7599983215332,445800.0,33.975677490234375
2009-08-05,50.61000061035156,49.439998626708984,50.45000076293945,50.310001373291016,364800.0,33.67447280883789
2009-08-06,49.81999969482422,48.91999816894531,49.77000045776367,49.54999923706055,292200.0,33.165767669677734
2009-08-07,50.61000061035156,49.380001068115234,50.08000183105469,49.97999954223633,480800.0,33.45359420776367
2009-08-10,49.4900016784668,48.7599983215332,49.29999923706055,49.349998474121094,376400.0,33.03190994262695
2009-08-11,49.130001068115234,48.310001373291016,48.779998779296875,49.040000915527344,520900.0,32.82441329956055
2009-08-12,49.439998626708984,48.150001525878906,48.439998626708984,48.9900016784668,224200.0,32.790950775146484
2009-08-13,50.310001373291016,49.2400016784668,50.11000061035156,49.790000915527344,343400.0,33.326419830322266
2009-08-14,49.869998931884766,48.900001525878906,49.65999984741211,49.40999984741211,237100.0,33.07207107543945
2009-08-17,48.40999984741211,46.599998474121094,48.029998779296875,47.27000045776367,500800.0,31.639678955078125
2009-08-18,49.18000030517578,48.220001220703125,48.439998626708984,48.88999938964844,221900.0,32.72401428222656
2009-08-19,49.470001220703125,47.84000015258789,47.88999938964844,48.959999084472656,200400.0,32.770870208740234
2009-08-20,50.310001373291016,48.9900016784668,49.209999084472656,50.11000061035156,212100.0,33.54060745239258
2009-08-21,52.04999923706055,51.29999923706055,51.29999923706055,51.439998626708984,184200.0,34.43082809448242
2009-08-24,52.529998779296875,51.5,51.97999954223633,51.5099983215332,451900.0,34.47768020629883
2009-08-25,52.9900016784668,51.77000045776367,52.439998626708984,52.0,164300.0,34.805660247802734
2009-08-26,51.849998474121094,51.36000061035156,51.59000015258789,51.5,228400.0,34.470985412597656
2009-08-27,53.099998474121094,51.290000915527344,51.84000015258789,52.560001373291016,383600.0,35.18048858642578
2009-08-28,53.209999084472656,52.27000045776367,53.150001525878906,52.72999954223633,347700.0,35.294273376464844
2009-08-31,52.2400016784668,51.849998474121094,51.869998931884766,52.15999984741211,434400.0,34.912750244140625
2009-09-01,52.27000045776367,50.31999969482422,51.93000030517578,50.470001220703125,749000.0,33.78157424926758
2009-09-02,51.47999954223633,49.529998779296875,50.43000030517578,51.15999984741211,521700.0,34.24341583251953
2009-09-03,53.0,51.61000061035156,51.810001373291016,52.880001068115234,565200.0,35.39468002319336
2009-09-04,53.4900016784668,52.25,53.0,53.470001220703125,306400.0,35.78959274291992
2009-09-08,54.59000015258789,53.7400016784668,54.31999969482422,53.7400016784668,502400.0,35.970314025878906
2009-09-09,55.060001373291016,53.70000076293945,55.060001373291016,53.849998474121094,499800.0,36.0439338684082
2009-09-10,54.90999984741211,53.58000183105469,54.15999984741211,54.54999923706055,312000.0,36.512474060058594
2009-09-11,56.15999984741211,55.11000061035156,55.18000030517578,55.2599983215332,257900.0,36.98770523071289
2009-09-14,55.290000915527344,54.40999984741211,54.560001373291016,55.290000915527344,293400.0,37.007781982421875
2009-09-15,56.20000076293945,55.27000045776367,55.540000915527344,56.11000061035156,450000.0,37.556640625
2009-09-16,57.689998626708984,56.63999938964844,57.029998779296875,57.5099983215332,510200.0,38.49371337890625
2009-09-17,57.900001525878906,56.72999954223633,57.59000015258789,57.27000045776367,607700.0,38.33308410644531
2009-09-18,57.27000045776367,56.349998474121094,57.27000045776367,57.06999969482422,632500.0,38.19921112060547
2009-09-21,56.189998626708984,54.880001068115234,55.63999938964844,56.060001373291016,386000.0,37.52317810058594
2009-09-22,57.09000015258789,56.4900016784668,57.0099983215332,56.70000076293945,550800.0,37.9515495300293
2009-09-23,56.59000015258789,55.15999984741211,56.09000015258789,55.349998474121094,772200.0,37.04794692993164
2009-09-24,55.79999923706055,53.77000045776367,55.560001373291016,54.439998626708984,413200.0,36.438846588134766
2009-09-25,55.630001068115234,54.720001220703125,54.83000183105469,55.18000030517578,813000.0,36.93416213989258
2009-09-28,55.959999084472656,54.720001220703125,55.0,55.349998474121094,221900.0,37.04794692993164
2009-09-29,55.34000015258789,54.599998474121094,54.91999816894531,54.90999984741211,241000.0,36.75343322753906
2009-09-30,55.15999984741211,53.400001525878906,55.02000045776367,54.75,431700.0,36.64633560180664
2009-10-01,54.16999816894531,52.2400016784668,54.09000015258789,52.43000030517578,747000.0,35.093475341796875
2009-10-02,53.04999923706055,51.599998474121094,51.709999084472656,52.540000915527344,283100.0,35.16710662841797
2009-10-05,54.68000030517578,52.86000061035156,52.86000061035156,54.380001068115234,257400.0,36.398681640625
2009-10-06,55.66999816894531,54.66999816894531,54.88999938964844,55.220001220703125,457900.0,36.9609375
2009-10-07,55.880001068115234,54.79999923706055,55.0,55.880001068115234,224800.0,37.40269470214844
2009-10-08,57.0099983215332,55.90999984741211,56.75,56.65999984741211,332400.0,37.924781799316406
2009-10-09,56.36000061035156,55.369998931884766,56.36000061035156,55.88999938964844,142500.0,37.409385681152344
2009-10-12,57.41999816894531,56.41999816894531,56.68000030517578,56.7599983215332,211700.0,37.9917106628418
2009-10-13,57.5,56.369998931884766,56.900001525878906,57.29999923706055,463700.0,38.35316467285156
2009-10-14,58.7400016784668,58.029998779296875,58.56999969482422,58.52000045776367,185300.0,39.16975402832031
2009-10-15,58.68000030517578,57.20000076293945,57.5099983215332,58.36000061035156,459200.0,39.06265640258789
2009-10-16,57.52000045776367,56.63999938964844,57.33000183105469,57.119998931884766,246700.0,38.23268127441406
2009-10-19,58.20000076293945,57.029998779296875,57.54999923706055,58.189998626708984,230600.0,38.94886779785156
2009-10-20,58.20000076293945,56.52000045776367,58.20000076293945,56.9900016784668,810800.0,38.145668029785156
2009-10-21,57.790000915527344,56.38999938964844,56.86000061035156,56.439998626708984,607900.0,37.77751922607422
2009-10-22,58.029998779296875,55.93000030517578,56.560001373291016,57.79999923706055,633100.0,38.687828063964844
2009-10-23,57.66999816894531,56.529998779296875,57.66999816894531,56.88999938964844,288600.0,38.07872772216797
2009-10-26,56.849998474121094,54.47999954223633,56.459999084472656,54.880001068115234,281800.0,36.73334884643555
2009-10-27,54.84000015258789,53.75,54.84000015258789,53.81999969482422,273600.0,36.02385711669922
2009-10-28,53.31999969482422,51.08000183105469,52.849998474121094,51.279998779296875,726000.0,34.32373046875
2009-10-29,54.459999084472656,52.93000030517578,52.959999084472656,54.189998626708984,329300.0,36.271514892578125
2009-10-30,53.380001068115234,51.13999938964844,53.34000015258789,51.83000183105469,412600.0,34.691871643066406
2009-11-02,52.349998474121094,49.849998474121094,51.43000030517578,51.02000045776367,727900.0,34.14970397949219
2009-11-03,51.79999923706055,50.11000061035156,50.11000061035156,51.79999923706055,820100.0,34.671783447265625
2009-11-04,53.41999816894531,52.41999816894531,52.93000030517578,52.650001525878906,1027200.0,35.2407341003418
2009-11-05,53.540000915527344,52.77000045776367,53.150001525878906,53.439998626708984,296300.0,35.76951217651367
2009-11-06,53.93000030517578,53.13999938964844,53.15999984741211,53.72999954223633,443100.0,35.9636116027832
2009-11-09,55.880001068115234,54.72999954223633,54.72999954223633,55.77000045776367,488900.0,37.329063415527344
2009-11-10,56.15999984741211,55.279998779296875,56.15999984741211,55.81999969482422,393500.0,37.3625373840332
2009-11-11,57.09000015258789,55.66999816894531,56.84000015258789,56.310001373291016,352400.0,37.69050598144531
2009-11-12,56.15999984741211,55.0,55.810001373291016,55.0,329800.0,36.813682556152344
2009-11-13,56.4900016784668,55.11000061035156,55.220001220703125,55.970001220703125,398400.0,37.46294021606445
2009-11-16,57.349998474121094,56.369998931884766,56.40999984741211,56.869998931884766,171700.0,38.06534194946289
2009-11-17,56.65999984741211,55.540000915527344,56.20000076293945,56.43000030517578,427600.0,37.77082443237305
2009-11-18,56.849998474121094,55.90999984741211,56.470001220703125,56.36000061035156,280000.0,37.723976135253906
2009-11-19,55.689998626708984,54.689998626708984,55.04999923706055,55.439998626708984,301200.0,37.108184814453125
2009-11-20,55.06999969482422,54.54999923706055,54.72999954223633,54.91999816894531,172800.0,36.7601318359375
2009-11-23,56.650001525878906,55.970001220703125,56.11000061035156,56.20000076293945,275900.0,37.616886138916016
2009-11-24,56.650001525878906,55.84000015258789,56.040000915527344,56.540000915527344,383200.0,37.844459533691406
2009-11-25,57.630001068115234,56.75,56.91999816894531,57.52000045776367,226300.0,38.50041198730469
2009-11-27,56.209999084472656,54.29999923706055,54.439998626708984,55.849998474121094,344100.0,37.38261795043945
2009-11-30,56.29999923706055,55.47999954223633,55.880001068115234,56.040000915527344,192700.0,37.509796142578125
2009-12-01,57.959999084472656,56.970001220703125,57.040000915527344,57.59000015258789,268700.0,38.54726791381836
2009-12-02,58.25,57.470001220703125,57.5,57.630001068115234,218900.0,38.57404327392578
2009-12-03,57.630001068115234,56.060001373291016,57.31999969482422,56.060001373291016,1283100.0,37.52317810058594
2009-12-04,57.209999084472656,54.75,56.959999084472656,55.709999084472656,929900.0,37.28890609741211
2009-12-07,56.349998474121094,55.310001373291016,55.529998779296875,55.5,1020500.0,37.14834976196289
2009-12-08,55.40999984741211,54.5,55.04999923706055,54.650001525878906,869700.0,36.579410552978516
2009-12-09,54.90999984741211,54.0,54.18000030517578,54.75,473100.0,36.64633560180664
2009-12-10,55.56999969482422,54.959999084472656,55.380001068115234,55.150001525878906,496500.0,36.91408157348633
2009-12-11,56.06999969482422,55.36000061035156,55.54999923706055,55.81999969482422,277200.0,37.3625373840332
2009-12-14,57.400001525878906,56.16999816894531,56.16999816894531,57.099998474121094,224600.0,38.21928787231445
2009-12-15,56.560001373291016,55.66999816894531,56.11000061035156,56.31999969482422,174300.0,37.69719696044922
2009-12-16,57.209999084472656,56.45000076293945,57.099998474121094,56.5,141900.0,37.817691802978516
2009-12-17,56.22999954223633,55.689998626708984,56.20000076293945,56.08000183105469,143300.0,37.53657150268555
2009-12-18,56.099998474121094,55.27000045776367,55.779998779296875,55.95000076293945,133800.0,37.449554443359375
2009-12-21,55.54999923706055,54.58000183105469,55.52000045776367,54.86000061035156,318500.0,36.71996307373047
2009-12-22,54.41999816894531,53.5099983215332,54.16999816894531,54.18000030517578,260800.0,36.99789810180664
2009-12-23,55.38999938964844,54.25,54.849998474121094,55.04999923706055,53000.0,37.59199905395508
2009-12-24,55.869998931884766,55.439998626708984,55.4900016784668,55.81999969482422,46000.0,38.11780548095703
2009-12-28,56.709999084472656,56.09000015258789,56.310001373291016,56.22999954223633,135200.0,38.39778137207031
2009-12-29,56.75,56.08000183105469,56.619998931884766,56.119998931884766,113200.0,38.322662353515625
2009-12-30,56.36000061035156,56.0,56.0,56.25,42800.0,38.41143798828125
2009-12-31,57.099998474121094,55.970001220703125,57.0,55.970001220703125,88400.0,38.220237731933594
2010-01-04,58.119998931884766,57.189998626708984,57.189998626708984,57.959999084472656,125500.0,39.57914733886719
2010-01-05,58.650001525878906,57.84000015258789,57.84000015258789,58.43000030517578,238900.0,39.90009307861328
2010-01-06,58.72999954223633,57.869998931884766,58.0,58.45000076293945,215000.0,39.913753509521484
2010-01-07,57.779998779296875,57.02000045776367,57.560001373291016,57.27000045776367,282400.0,39.10797119140625
2010-01-08,58.31999969482422,57.439998626708984,57.81999969482422,58.09000015258789,265300.0,39.66791534423828
2010-01-11,58.33000183105469,57.52000045776367,58.22999954223633,57.689998626708984,296100.0,39.39476776123047
2010-01-12,57.18000030517578,55.91999816894531,56.689998626708984,56.56999969482422,359300.0,38.62995910644531
2010-01-13,57.72999954223633,56.540000915527344,57.560001373291016,57.54999923706055,143900.0,39.299171447753906
2010-01-14,57.349998474121094,56.400001525878906,56.77000045776367,57.029998779296875,169900.0,38.94407272338867
2010-01-15,56.810001373291016,56.08000183105469,56.810001373291016,56.29999923706055,173000.0,38.44558334350586
2010-01-19,57.22999954223633,55.9900016784668,55.9900016784668,57.060001373291016,178900.0,38.964561462402344
2010-01-20,56.369998931884766,55.18000030517578,56.369998931884766,56.08000183105469,307400.0,38.29536056518555
2010-01-21,55.97999954223633,53.900001525878906,55.599998474121094,53.970001220703125,249900.0,36.854496002197266
2010-01-22,54.31999969482422,52.84000015258789,53.209999084472656,53.04999923706055,214400.0,36.226253509521484
2010-01-25,54.61000061035156,53.529998779296875,54.130001068115234,53.959999084472656,338700.0,36.84766387939453
2010-01-26,54.09000015258789,52.83000183105469,52.83000183105469,53.400001525878906,266900.0,36.46525955200195
2010-01-27,53.52000045776367,52.4900016784668,53.06999969482422,53.2400016784668,620100.0,36.35599899291992
2010-01-28,54.2400016784668,52.5,53.84000015258789,53.04999923706055,327600.0,36.226253509521484
2010-01-29,54.150001525878906,52.369998931884766,53.5099983215332,52.630001068115234,472100.0,35.93944549560547
2010-02-01,54.38999938964844,53.220001220703125,53.220001220703125,54.16999816894531,483400.0,36.99106979370117
2010-02-02,55.33000183105469,54.47999954223633,54.90999984741211,55.33000183105469,155500.0,37.783203125
2010-02-03,55.20000076293945,54.349998474121094,55.130001068115234,54.52000045776367,147500.0,37.23006820678711
2010-02-04,53.560001373291016,51.790000915527344,53.560001373291016,51.84000015258789,294800.0,35.39998245239258
2010-02-05,51.790000915527344,49.58000183105469,51.43000030517578,51.310001373291016,496200.0,35.038055419921875
2010-02-08,51.900001525878906,50.95000076293945,51.220001220703125,51.040000915527344,384100.0,34.853694915771484
2010-02-09,53.400001525878906,51.83000183105469,52.040000915527344,52.77000045776367,250300.0,36.035057067871094
2010-02-10,52.91999816894531,51.59000015258789,52.70000076293945,51.93000030517578,180300.0,35.46144485473633
2010-02-11,53.9900016784668,52.09000015258789,52.54999923706055,53.790000915527344,236000.0,36.73158264160156
2010-02-12,53.0,51.72999954223633,52.25,52.68000030517578,225100.0,35.97359085083008
2010-02-16,54.459999084472656,53.08000183105469,53.22999954223633,54.400001525878906,278600.0,37.148128509521484
2010-02-17,54.91999816894531,54.029998779296875,54.83000183105469,54.369998931884766,263400.0,37.12763977050781
2010-02-18,55.06999969482422,53.939998626708984,54.279998779296875,54.93000030517578,247400.0,37.510047912597656
2010-02-19,54.459999084472656,53.58000183105469,53.790000915527344,54.18000030517578,243900.0,36.99789810180664
2010-02-22,54.099998474121094,53.439998626708984,53.959999084472656,53.61000061035156,170500.0,36.6086540222168
2010-02-23,53.5099983215332,52.060001373291016,53.34000015258789,52.060001373291016,270400.0,35.55021286010742
2010-02-24,52.90999984741211,52.220001220703125,52.400001525878906,52.88999938964844,240100.0,36.117000579833984
2010-02-25,53.040000915527344,51.529998779296875,51.88999938964844,52.9900016784668,190500.0,36.185279846191406
2010-02-26,53.95000076293945,52.970001220703125,52.970001220703125,53.29999923706055,265400.0,36.396968841552734
2010-03-01,54.95000076293945,54.25,54.25,54.720001220703125,116100.0,37.36664962768555
2010-03-02,55.900001525878906,55.130001068115234,55.150001525878906,55.349998474121094,96500.0,37.79685592651367
2010-03-03,56.95000076293945,56.060001373291016,56.29999923706055,56.470001220703125,103000.0,38.56166458129883
2010-03-04,57.220001220703125,56.380001068115234,56.900001525878906,56.529998779296875,206400.0,38.602638244628906
2010-03-05,58.09000015258789,56.849998474121094,57.08000183105469,57.869998931884766,189800.0,39.51768493652344
2010-03-08,58.459999084472656,57.88999938964844,58.22999954223633,58.220001220703125,132400.0,39.75669479370117
2010-03-09,58.4900016784668,57.38999938964844,57.779998779296875,58.290000915527344,419800.0,39.80449676513672
2010-03-10,58.709999084472656,57.939998626708984,58.09000015258789,58.470001220703125,367200.0,39.927406311035156
2010-03-11,58.459999084472656,57.099998474121094,57.31999969482422,58.45000076293945,373100.0,39.913753509521484
2010-03-12,58.59000015258789,58.029998779296875,58.4900016784668,58.20000076293945,112800.0,39.74303436279297
2010-03-15,58.56999969482422,57.88999938964844,58.15999984741211,58.34000015258789,65400.0,39.83863830566406
2010-03-16,59.27000045776367,58.41999816894531,58.43000030517578,59.06999969482422,157600.0,40.33713150024414
2010-03-17,60.470001220703125,59.9900016784668,60.2599983215332,60.150001525878906,234100.0,41.07463455200195
2010-03-18,61.18000030517578,60.45000076293945,60.61000061035156,60.720001220703125,371400.0,41.463863372802734
2010-03-19,60.9900016784668,59.84000015258789,60.099998474121094,60.099998474121094,437400.0,41.040489196777344
2010-03-22,60.61000061035156,59.25,59.52000045776367,60.59000015258789,154700.0,41.375091552734375
2010-03-23,60.65999984741211,59.83000183105469,60.130001068115234,60.619998931884766,422900.0,41.39557647705078
2010-03-24,59.560001373291016,58.970001220703125,59.209999084472656,59.08000183105469,331400.0,40.34395980834961
2010-03-25,59.29999923706055,58.119998931884766,59.119998931884766,58.290000915527344,411600.0,39.80449676513672
2010-03-26,59.13999938964844,58.2599983215332,58.88999938964844,58.619998931884766,306100.0,40.02983474731445
2010-03-29,59.5,59.029998779296875,59.18000030517578,59.400001525878906,385800.0,40.56248092651367
2010-03-30,59.86000061035156,59.20000076293945,59.86000061035156,59.529998779296875,260400.0,40.651248931884766
2010-03-31,60.630001068115234,59.599998474121094,59.970001220703125,60.43000030517578,350200.0,41.26583480834961
2010-04-01,61.72999954223633,60.619998931884766,60.849998474121094,61.72999954223633,454900.0,42.153564453125
2010-04-05,62.7599983215332,61.52000045776367,61.97999954223633,62.560001373291016,385000.0,42.720340728759766
2010-04-06,62.70000076293945,61.880001068115234,62.11000061035156,62.5,569800.0,42.67936706542969
2010-04-07,62.54999923706055,61.849998474121094,62.15999984741211,61.95000076293945,518700.0,42.303794860839844
2010-04-08,62.04999923706055,61.0,61.36000061035156,61.97999954223633,357400.0,42.324283599853516
2010-04-09,62.400001525878906,61.59000015258789,61.59000015258789,62.189998626708984,177100.0,42.46768569946289
2010-04-12,62.13999938964844,61.63999938964844,62.06999969482422,61.63999938964844,202400.0,42.09210205078125
2010-04-13,61.599998474121094,60.630001068115234,61.54999923706055,61.189998626708984,195800.0,41.784820556640625
2010-04-14,61.91999816894531,61.029998779296875,61.380001068115234,61.900001525878906,277200.0,42.269657135009766
2010-04-15,61.79999923706055,61.02000045776367,61.189998626708984,61.439998626708984,239800.0,41.955528259277344
2010-04-16,60.810001373291016,59.20000076293945,60.59000015258789,59.86000061035156,631800.0,40.8765983581543
2010-04-19,59.54999923706055,58.470001220703125,58.90999984741211,59.40999984741211,285900.0,40.569305419921875
2010-04-20,60.36000061035156,59.61000061035156,59.86000061035156,60.16999816894531,196400.0,41.088287353515625
2010-04-21,60.16999816894531,59.529998779296875,59.900001525878906,60.15999984741211,160800.0,41.08145523071289
2010-04-22,59.709999084472656,58.470001220703125,58.720001220703125,59.689998626708984,280500.0,40.760501861572266
2010-04-23,60.22999954223633,58.65999984741211,59.04999923706055,60.209999084472656,162500.0,41.115604400634766
2010-04-26,61.279998779296875,60.630001068115234,60.869998931884766,60.81999969482422,242800.0,41.53215789794922
2010-04-27,60.439998626708984,58.279998779296875,59.93000030517578,58.5,479100.0,39.94789505004883
2010-04-28,59.45000076293945,58.0099983215332,59.27000045776367,59.2400016784668,232000.0,40.453216552734375
2010-04-29,60.52000045776367,59.790000915527344,60.0099983215332,59.9900016784668,281000.0,40.965362548828125
2010-04-30,60.630001068115234,59.54999923706055,60.59000015258789,59.75,185500.0,40.801483154296875
2010-05-03,60.84000015258789,59.77000045776367,60.15999984741211,60.59000015258789,236100.0,41.375091552734375
2010-05-04,59.029998779296875,57.41999816894531,58.97999954223633,57.790000915527344,403000.0,39.463050842285156
2010-05-05,57.0099983215332,55.650001525878906,56.09000015258789,56.130001068115234,490500.0,38.329490661621094
2010-05-06,56.7599983215332,23.0,56.0099983215332,53.83000183105469,537800.0,36.758888244628906
2010-05-07,55.16999816894531,53.0,54.060001373291016,54.06999969482422,621600.0,36.92278289794922
2010-05-10,57.81999969482422,56.83000183105469,57.310001373291016,57.369998931884766,369900.0,39.17625427246094
2010-05-11,58.34000015258789,56.779998779296875,56.9900016784668,57.540000915527344,341800.0,39.2923469543457
2010-05-12,59.619998931884766,58.43000030517578,58.88999938964844,59.34000015258789,232500.0,40.52151107788086
2010-05-13,59.11000061035156,57.880001068115234,58.63999938964844,57.88999938964844,505600.0,39.53133773803711
2010-05-14,57.61000061035156,55.93000030517578,57.45000076293945,56.689998626708984,284700.0,38.71189880371094
2010-05-17,57.119998931884766,55.2400016784668,56.84000015258789,56.810001373291016,439300.0,38.793846130371094
2010-05-18,57.61000061035156,55.25,57.61000061035156,55.650001525878906,504600.0,38.00171661376953
2010-05-19,55.470001220703125,53.599998474121094,54.63999938964844,55.209999084472656,188200.0,37.70124435424805
2010-05-20,52.9900016784668,50.9900016784668,52.4900016784668,51.4900016784668,314200.0,35.16097640991211
2010-05-21,53.400001525878906,50.54999923706055,50.54999923706055,52.709999084472656,515200.0,35.994075775146484
2010-05-24,54.16999816894531,53.119998931884766,53.560001373291016,53.16999816894531,369100.0,36.308197021484375
2010-05-25,53.13999938964844,50.939998626708984,51.31999969482422,52.9900016784668,396200.0,36.185279846191406
2010-05-26,55.84000015258789,53.9900016784668,54.380001068115234,54.11000061035156,315100.0,36.950096130371094
2010-05-27,57.59000015258789,55.52000045776367,55.939998626708984,57.5,334200.0,39.26502227783203
2010-05-28,56.810001373291016,55.779998779296875,56.2400016784668,56.290000915527344,330000.0,38.43874740600586
2010-06-01,56.13999938964844,54.38999938964844,55.02000045776367,54.54999923706055,175700.0,37.25055694580078
2010-06-02,57.33000183105469,55.380001068115234,55.54999923706055,57.31999969482422,283700.0,39.14210891723633
2010-06-03,56.619998931884766,54.650001525878906,56.52000045776367,55.5,344900.0,37.899288177490234
2010-06-04,54.47999954223633,52.5099983215332,54.04999923706055,52.650001525878906,185900.0,35.9531135559082
2010-06-07,53.599998474121094,52.43000030517578,53.25,52.43000030517578,251900.0,35.80287551879883
2010-06-08,53.540000915527344,52.529998779296875,52.77000045776367,53.380001068115234,283400.0,36.451602935791016
2010-06-09,54.380001068115234,52.65999984741211,53.689998626708984,52.7599983215332,223000.0,36.02821731567383
2010-06-10,55.25,54.0099983215332,54.029998779296875,55.09000015258789,172400.0,37.61931228637695
2010-06-11,54.81999969482422,53.84000015258789,53.84000015258789,54.790000915527344,221500.0,37.41444396972656
2010-06-14,56.20000076293945,54.7400016784668,55.90999984741211,54.900001525878906,128700.0,37.48956298828125
2010-06-15,57.31999969482422,55.849998474121094,55.849998474121094,57.209999084472656,479100.0,39.066993713378906
2010-06-16,57.630001068115234,56.52000045776367,56.70000076293945,57.27000045776367,158000.0,39.10797119140625
2010-06-17,57.97999954223633,57.119998931884766,57.79999923706055,57.689998626708984,210400.0,39.39476776123047
2010-06-18,57.849998474121094,57.20000076293945,57.56999969482422,57.70000076293945,209000.0,39.4015998840332
2010-06-21,58.70000076293945,57.099998474121094,58.470001220703125,57.540000915527344,151600.0,39.2923469543457
2010-06-22,57.880001068115234,56.439998626708984,57.59000015258789,56.65999984741211,438900.0,38.6914176940918
2010-06-23,57.310001373291016,55.90999984741211,56.869998931884766,57.0099983215332,194900.0,39.11404037475586
2010-06-24,56.45000076293945,55.290000915527344,55.720001220703125,55.38999938964844,251400.0,38.0025749206543
2010-06-25,56.68000030517578,55.349998474121094,55.77000045776367,56.2400016784668,339600.0,38.585750579833984
2010-06-28,56.43000030517578,55.34000015258789,55.79999923706055,55.56999969482422,118800.0,38.12607955932617
2010-06-29,54.599998474121094,53.61000061035156,54.5,54.06999969482422,381200.0,37.0969352722168
2010-06-30,54.220001220703125,52.630001068115234,53.720001220703125,52.650001525878906,281900.0,36.1226921081543
2010-07-01,53.36000061035156,52.06999969482422,53.02000045776367,52.779998779296875,262600.0,36.21187973022461
2010-07-02,53.86000061035156,52.869998931884766,53.349998474121094,53.36000061035156,173300.0,36.60981369018555
2010-07-06,55.310001373291016,54.099998474121094,54.75,54.619998931884766,792500.0,37.47428512573242
2010-07-07,56.2599983215332,55.0,55.119998931884766,56.2599983215332,398100.0,38.59947967529297
2010-07-08,56.47999954223633,55.72999954223633,56.400001525878906,56.310001373291016,912600.0,38.63378143310547
2010-07-09,56.63999938964844,56.08000183105469,56.08000183105469,56.4900016784668,392400.0,38.75728225708008
2010-07-12,56.439998626708984,55.720001220703125,56.150001525878906,56.119998931884766,64800.0,38.50341796875
2010-07-13,57.630001068115234,57.029998779296875,57.34000015258789,57.38999938964844,311000.0,39.374755859375
2010-07-14,57.5099983215332,56.54999923706055,56.83000183105469,57.040000915527344,183400.0,39.13462829589844
2010-07-15,57.689998626708984,56.529998779296875,57.630001068115234,57.43000030517578,151800.0,39.40219497680664
2010-07-16,57.22999954223633,56.130001068115234,56.86000061035156,56.470001220703125,322300.0,38.743553161621094
2010-07-19,56.5099983215332,55.75,56.349998474121094,56.15999984741211,154400.0,38.53086853027344
2010-07-20,57.41999816894531,55.58000183105469,55.810001373291016,57.2400016784668,512400.0,39.27184295654297
2010-07-21,58.150001525878906,56.90999984741211,58.08000183105469,57.11000061035156,357600.0,39.18265151977539
2010-07-22,59.79999923706055,58.880001068115234,58.91999816894531,59.529998779296875,207200.0,40.84299087524414
2010-07-23,60.400001525878906,59.099998474121094,59.41999816894531,60.18000030517578,251400.0,41.28895568847656
2010-07-26,61.20000076293945,60.27000045776367,60.689998626708984,61.20000076293945,296200.0,41.98876953125
2010-07-27,61.630001068115234,60.20000076293945,61.630001068115234,61.09000015258789,978900.0,41.913299560546875
2010-07-28,60.709999084472656,59.970001220703125,60.20000076293945,60.36000061035156,317500.0,41.41244888305664
2010-07-29,60.9900016784668,59.70000076293945,60.70000076293945,60.36000061035156,250400.0,41.41244888305664
2010-07-30,60.95000076293945,59.88999938964844,60.09000015258789,60.650001525878906,174500.0,41.611419677734375
2010-08-02,62.099998474121094,61.4900016784668,62.060001373291016,61.90999984741211,355500.0,42.47589111328125
2010-08-03,61.400001525878906,60.72999954223633,61.220001220703125,61.2400016784668,295300.0,42.01621627807617
2010-08-04,61.45000076293945,60.7599983215332,61.029998779296875,61.34000015258789,183900.0,42.08481979370117
2010-08-05,61.45000076293945,61.0099983215332,61.38999938964844,61.310001373291016,195100.0,42.064231872558594
2010-08-06,61.66999816894531,60.66999816894531,60.81999969482422,61.5099983215332,244300.0,42.20145034790039
2010-08-09,62.31999969482422,61.70000076293945,62.290000915527344,62.119998931884766,360100.0,42.61996841430664
2010-08-10,61.5,60.220001220703125,60.599998474121094,61.209999084472656,506600.0,41.99563217163086
2010-08-11,59.619998931884766,58.91999816894531,59.61000061035156,59.16999816894531,376400.0,40.59600067138672
2010-08-12,59.380001068115234,58.369998931884766,58.369998931884766,59.220001220703125,287200.0,40.63031005859375
2010-08-13,59.619998931884766,59.0099983215332,59.529998779296875,59.310001373291016,374900.0,40.692047119140625
2010-08-16,60.0099983215332,59.119998931884766,59.209999084472656,59.68000030517578,243000.0,40.94590759277344
2010-08-17,60.619998931884766,59.91999816894531,60.029998779296875,60.130001068115234,281900.0,41.25464630126953
2010-08-18,59.83000183105469,59.0,59.470001220703125,59.540000915527344,248900.0,40.849857330322266
2010-08-19,59.790000915527344,58.54999923706055,59.5099983215332,58.9900016784668,225500.0,40.472511291503906
2010-08-20,58.54999923706055,57.86000061035156,58.36000061035156,58.52000045776367,67300.0,40.15004348754883
2010-08-23,59.400001525878906,58.75,59.189998626708984,58.790000915527344,133700.0,40.335289001464844
2010-08-24,58.45000076293945,57.31999969482422,57.63999938964844,57.900001525878906,509600.0,39.72466278076172
2010-08-25,57.56999969482422,56.439998626708984,57.18000030517578,57.33000183105469,548700.0,39.333595275878906
2010-08-26,58.45000076293945,57.41999816894531,57.91999816894531,57.599998474121094,252400.0,39.51884078979492
2010-08-27,58.75,57.18000030517578,57.63999938964844,58.47999954223633,206400.0,40.122596740722656
2010-08-30,58.810001373291016,57.880001068115234,58.25,57.959999084472656,349900.0,39.765830993652344
2010-08-31,58.939998626708984,57.779998779296875,57.90999984741211,58.400001525878906,451500.0,40.06771469116211
2010-09-01,60.79999923706055,59.599998474121094,59.77000045776367,60.560001373291016,414300.0,41.54966735839844
2010-09-02,61.36000061035156,60.630001068115234,60.869998931884766,61.310001373291016,145400.0,42.064231872558594
2010-09-03,62.029998779296875,61.470001220703125,61.790000915527344,61.91999816894531,266800.0,42.48274612426758
2010-09-07,61.029998779296875,60.220001220703125,61.0099983215332,60.369998931884766,329600.0,41.4193115234375
2010-09-08,61.22999954223633,60.459999084472656,60.459999084472656,60.939998626708984,428500.0,41.81038284301758
2010-09-09,62.0,61.040000915527344,61.97999954223633,61.150001525878906,285500.0,41.9544677734375
2010-09-10,62.16999816894531,61.54999923706055,61.63999938964844,62.08000183105469,261500.0,42.592525482177734
2010-09-13,63.75,63.22999954223633,63.66999816894531,63.5,200300.0,43.5667839050293
2010-09-14,64.58999633789062,63.41999816894531,63.7400016784668,63.95000076293945,451800.0,43.875518798828125
2010-09-15,64.02999877929688,63.220001220703125,63.70000076293945,64.0,308900.0,43.909820556640625
2010-09-16,63.529998779296875,63.060001373291016,63.5099983215332,63.4900016784668,152900.0,43.55992126464844
2010-09-17,63.45000076293945,62.90999984741211,63.2599983215332,63.0,187800.0,43.22373580932617
2010-09-20,64.55000305175781,63.86000061035156,63.869998931884766,64.5199966430664,231900.0,44.26658630371094
2010-09-21,65.13999938964844,63.93000030517578,64.51000213623047,64.69000244140625,581800.0,44.38322830200195
2010-09-22,65.4800033569336,64.69999694824219,64.9000015258789,65.01000213623047,390300.0,44.60277557373047
2010-09-23,65.41999816894531,64.37000274658203,64.66000366210938,64.5999984741211,439200.0,44.321475982666016
2010-09-24,66.04000091552734,65.55999755859375,65.7699966430664,65.75,411200.0,45.11048889160156
2010-09-27,66.0999984741211,65.5999984741211,65.9800033569336,65.66999816894531,445300.0,45.05559158325195
2010-09-28,66.98999786376953,65.73999786376953,65.93000030517578,66.91000366210938,461400.0,45.906349182128906
2010-09-29,67.22000122070312,66.5999984741211,66.80000305175781,66.81999969482422,190900.0,45.84459686279297
2010-09-30,67.41000366210938,66.45999908447266,67.0,67.22000122070312,536300.0,46.119041442871094
2010-10-01,68.02999877929688,67.5,67.55999755859375,67.94999694824219,1082100.0,46.6198844909668
2010-10-04,67.62000274658203,66.37999725341797,67.44000244140625,67.18000030517578,651900.0,46.091590881347656
2010-10-05,69.0,67.80000305175781,67.80000305175781,68.80999755859375,529800.0,47.20991897583008
2010-10-06,69.5,68.76000213623047,68.79000091552734,69.04000091552734,444900.0,47.36771774291992
2010-10-07,68.87999725341797,67.56999969482422,68.8499984741211,68.02999877929688,608100.0,46.67476272583008
2010-10-08,69.0999984741211,68.12000274658203,68.30000305175781,68.87999725341797,488700.0,47.257938385009766
2010-10-11,69.19000244140625,68.5,68.83000183105469,68.83000183105469,322400.0,47.22364044189453
2010-10-12,69.3499984741211,68.05000305175781,68.5999984741211,69.12999725341797,362300.0,47.42946243286133
2010-10-13,70.80000305175781,69.63999938964844,69.72000122070312,70.38999938964844,370300.0,48.2939453125
2010-10-14,70.69999694824219,69.70999908447266,70.29000091552734,70.1500015258789,585800.0,48.1292724609375
2010-10-15,70.1500015258789,69.0,69.83999633789062,69.54000091552734,583600.0,47.71076202392578
2010-10-18,70.88999938964844,69.2699966430664,69.51000213623047,70.88999938964844,425200.0,48.636985778808594
2010-10-19,68.58000183105469,67.30999755859375,68.38999938964844,67.66999816894531,530300.0,46.427772521972656
2010-10-20,68.9000015258789,67.80000305175781,68.05999755859375,68.30000305175781,283100.0,46.86001205444336
2010-10-21,69.5999984741211,67.45999908447266,69.13999938964844,68.33999633789062,493600.0,46.887454986572266
2010-10-22,68.43000030517578,67.8499984741211,68.33000183105469,68.43000030517578,194900.0,46.94920349121094
2010-10-25,68.93000030517578,68.13999938964844,68.76000213623047,68.54000091552734,175300.0,47.02467727661133
2010-10-26,68.2699966430664,67.19000244140625,68.0,67.86000061035156,543800.0,46.55813980102539
2010-10-27,67.22000122070312,65.83000183105469,67.22000122070312,66.76000213623047,381700.0,45.80344772338867
2010-10-28,67.63999938964844,66.94999694824219,66.97000122070312,67.47000122070312,285100.0,46.29055404663086
2010-10-29,68.37000274658203,67.54000091552734,67.70999908447266,67.7300033569336,586300.0,46.46894836425781
2010-11-01,68.44000244140625,67.69999694824219,67.88999938964844,68.0999984741211,542000.0,46.72279357910156
2010-11-02,69.62999725341797,68.69999694824219,68.7300033569336,69.33999633789062,429600.0,47.57353591918945
2010-11-03,70.76000213623047,69.41000366210938,69.7300033569336,70.66000366210938,288900.0,48.479190826416016
2010-11-04,72.0199966430664,71.22000122070312,71.80999755859375,72.0,816300.0,49.3985481262207
2010-11-05,72.19000244140625,71.43000030517578,71.76000213623047,71.98999786376953,414500.0,49.39167785644531
2010-11-08,72.05999755859375,71.12999725341797,71.47000122070312,72.05999755859375,560100.0,49.4397087097168
2010-11-09,72.98999786376953,70.69999694824219,72.63999938964844,70.86000061035156,621700.0,48.61640548706055
2010-11-10,72.08000183105469,70.98999786376953,71.69000244140625,71.72000122070312,936700.0,49.206443786621094
2010-11-11,71.80000305175781,71.0199966430664,71.41999816894531,71.73999786376953,462300.0,49.220157623291016
2010-11-12,72.08999633789062,70.30999755859375,71.27999877929688,70.51000213623047,391400.0,48.376285552978516
2010-11-15,71.58999633789062,70.58000183105469,71.08000183105469,70.5999984741211,235300.0,48.43803024291992
2010-11-16,70.05999755859375,68.33999633789062,69.70999908447266,68.63999938964844,570600.0,47.093284606933594
2010-11-17,70.30999755859375,69.30999755859375,69.5,69.5199966430664,578800.0,47.69704055786133
2010-11-18,70.80000305175781,69.83999633789062,70.27999877929688,70.41999816894531,232300.0,48.31452941894531
2010-11-19,70.7300033569336,69.5199966430664,70.02999877929688,70.62999725341797,214200.0,48.45860290527344
2010-11-22,70.30000305175781,69.16000366210938,69.86000061035156,70.08000183105469,219300.0,48.08125686645508
2010-11-23,68.61000061035156,67.5,68.52999877929688,67.72000122070312,240200.0,46.46208190917969
2010-11-24,69.05000305175781,68.4800033569336,68.66000366210938,68.9000015258789,171800.0,47.27165985107422
2010-11-26,68.29000091552734,67.62999725341797,67.87999725341797,67.79000091552734,141200.0,46.510108947753906
2010-11-29,67.94999694824219,66.37999725341797,67.3499984741211,67.87000274658203,436000.0,46.564998626708984
2010-11-30,66.9800033569336,66.0199966430664,66.63999938964844,66.72000122070312,281100.0,45.77599334716797
2010-12-01,68.5199966430664,67.62999725341797,67.77999877929688,68.19999694824219,269800.0,46.79140090942383
2010-12-02,70.9000015258789,68.80999755859375,69.0,70.8499984741211,570500.0,48.60953903198242
2010-12-03,71.97000122070312,70.5199966430664,70.66000366210938,71.87000274658203,290900.0,49.30936050415039
2010-12-06,72.30000305175781,71.4000015258789,71.43000030517578,72.26000213623047,318300.0,49.57693099975586
2010-12-07,72.23999786376953,71.05999755859375,72.02999877929688,71.1500015258789,682800.0,48.815364837646484
2010-12-08,71.6500015258789,70.7300033569336,71.19000244140625,71.33999633789062,151100.0,48.94572448730469
2010-12-09,71.94999694824219,71.36000061035156,71.86000061035156,71.70999908447266,413700.0,49.199581146240234
2010-12-10,72.05999755859375,71.2300033569336,71.55000305175781,71.9000015258789,245600.0,49.329933166503906
2010-12-13,72.52999877929688,71.87000274658203,71.91000366210938,72.16999816894531,378600.0,49.515174865722656
2010-12-14,72.79000091552734,72.02999877929688,72.02999877929688,72.3499984741211,209800.0,49.6386833190918
2010-12-15,72.93000030517578,71.66000366210938,72.5199966430664,71.76000213623047,293200.0,49.23388671875
2010-12-16,72.58000183105469,71.54000091552734,72.23999786376953,72.22000122070312,239000.0,49.54948806762695
2010-12-17,72.26000213623047,71.76000213623047,72.26000213623047,72.05999755859375,290800.0,49.4397087097168
2010-12-20,72.58999633789062,72.0,72.41999816894531,72.33000183105469,193400.0,49.62495422363281
2010-12-21,72.02999877929688,71.55999755859375,71.68000030517578,71.91999816894531,284200.0,50.42351531982422
2010-12-22,72.06999969482422,71.66000366210938,71.86000061035156,72.01000213623047,185500.0,50.48661422729492
2010-12-23,72.69000244140625,71.94999694824219,71.98999786376953,72.62999725341797,238300.0,50.92131423950195
2010-12-27,72.58999633789062,71.94999694824219,72.44999694824219,72.44999694824219,326600.0,50.79509353637695
2010-12-28,73.27999877929688,72.77999877929688,72.81999969482422,73.02999877929688,223400.0,51.201744079589844
2010-12-29,73.9000015258789,73.33000183105469,73.33000183105469,73.70999908447266,164000.0,51.678489685058594
2010-12-30,74.36000061035156,73.55000305175781,74.01000213623047,74.22000122070312,215900.0,52.03605651855469
2010-12-31,75.06999969482422,74.13999938964844,74.23999786376953,74.68000030517578,168400.0,52.358558654785156
2011-01-03,75.2699966430664,74.55999755859375,74.94000244140625,74.81999969482422,551400.0,52.45671463012695
2011-01-04,74.16000366210938,73.33999633789062,74.02999877929688,74.1500015258789,387300.0,51.986976623535156
2011-01-05,73.73999786376953,72.5,72.91000366210938,73.43000030517578,231800.0,51.482181549072266
2011-01-06,72.87999725341797,71.69999694824219,72.8499984741211,71.9800033569336,479300.0,50.46558380126953
2011-01-07,72.20999908447266,70.73999786376953,71.2699966430664,71.44000244140625,372400.0,50.08698272705078
2011-01-10,71.19999694824219,70.33000183105469,70.80999755859375,71.1500015258789,244000.0,49.88365936279297
2011-01-11,71.8499984741211,70.87999725341797,71.5,71.18000030517578,473600.0,49.90469741821289
2011-01-12,72.58999633789062,71.6500015258789,72.01000213623047,72.18000030517578,458300.0,50.605796813964844
2011-01-13,72.62999725341797,71.58999633789062,72.62999725341797,71.66999816894531,276200.0,50.24824142456055
2011-01-14,71.93000030517578,70.75,71.20999908447266,71.72000122070312,246300.0,50.28329086303711
2011-01-18,71.5199966430664,70.83999633789062,70.83999633789062,71.5199966430664,162200.0,50.14306640625
2011-01-19,70.68000030517578,69.11000061035156,70.68000030517578,69.31999969482422,479200.0,48.60063934326172
2011-01-20,68.62000274658203,67.55000305175781,68.55999755859375,68.16999816894531,505200.0,47.794368743896484
2011-01-21,68.62000274658203,67.9000015258789,68.55999755859375,68.16000366210938,159700.0,47.7873649597168
2011-01-24,69.05999755859375,68.2300033569336,68.2300033569336,68.75,267200.0,48.20100784301758
2011-01-25,67.73999786376953,67.0999984741211,67.63999938964844,67.54000091552734,370400.0,47.3526725769043
2011-01-26,68.20999908447266,67.58999633789062,67.80999755859375,68.06999969482422,194300.0,47.72426223754883
2011-01-27,68.48999786376953,67.7699966430664,68.05999755859375,67.98999786376953,282800.0,47.668174743652344
2011-01-28,66.58000183105469,64.51000213623047,66.2699966430664,64.80000305175781,654900.0,45.43164825439453
2011-01-31,65.73999786376953,65.01000213623047,65.08000183105469,65.58999633789062,461800.0,45.985511779785156
2011-02-01,66.77999877929688,65.6500015258789,66.05999755859375,66.66999816894531,654900.0,46.74271011352539
2011-02-02,67.11000061035156,66.54000091552734,66.69000244140625,66.61000061035156,275500.0,46.700645446777344
2011-02-03,67.0,65.9000015258789,66.66999816894531,66.79000091552734,388800.0,46.826847076416016
2011-02-04,67.31999969482422,66.55999755859375,66.98999786376953,67.06999969482422,520300.0,47.023155212402344
2011-02-07,66.91999816894531,66.04000091552734,66.45999908447266,66.5199966430664,296800.0,46.637550354003906
2011-02-08,67.48999786376953,66.29000091552734,66.30999755859375,67.47000122070312,367900.0,47.303592681884766
2011-02-09,66.80000305175781,65.52999877929688,66.62000274658203,65.9000015258789,599300.0,46.202857971191406
2011-02-10,65.93000030517578,64.94000244140625,65.4000015258789,65.61000061035156,484100.0,45.99953842163086
2011-02-11,67.2300033569336,65.62999725341797,65.69000244140625,66.98999786376953,367800.0,46.96706008911133
2011-02-14,66.5,65.87000274658203,66.5,66.16000366210938,258800.0,46.38515853881836
2011-02-15,66.37999725341797,65.62999725341797,66.37999725341797,65.72000122070312,241300.0,46.07666015625
2011-02-16,66.79000091552734,66.06999969482422,66.1500015258789,66.62999725341797,264100.0,46.71466827392578
2011-02-17,67.91999816894531,66.69000244140625,66.69000244140625,67.68000030517578,317300.0,47.450836181640625
2011-02-18,68.30999755859375,67.45999908447266,67.9000015258789,68.30999755859375,184100.0,47.89252853393555
2011-02-22,68.22000122070312,66.29000091552734,67.62000274658203,66.5,314600.0,46.62352752685547
2011-02-23,67.36000061035156,66.0199966430664,67.1500015258789,66.77999877929688,409900.0,46.81983184814453
2011-02-24,67.0999984741211,66.0,66.72000122070312,67.0199966430664,190400.0,46.98809814453125
2011-02-25,68.44999694824219,67.69999694824219,67.86000061035156,68.30999755859375,146800.0,47.89252853393555
2011-02-28,69.37999725341797,68.66999816894531,68.91000366210938,69.37000274658203,175200.0,48.635704040527344
2011-03-01,69.16999816894531,67.66999816894531,69.05999755859375,67.94999694824219,399300.0,47.64012908935547
2011-03-02,69.66999816894531,68.97000122070312,69.1500015258789,69.44000244140625,461400.0,48.68477249145508
2011-03-03,70.45999908447266,69.66999816894531,70.33000183105469,70.30000305175781,244800.0,49.2877197265625
2011-03-04,70.13999938964844,69.27999877929688,70.13999938964844,69.81999969482422,151300.0,48.95119857788086
2011-03-07,70.79000091552734,69.06999969482422,70.37000274658203,69.27999877929688,316500.0,48.57258987426758
2011-03-08,70.30999755859375,69.08000183105469,69.51000213623047,70.01000213623047,282300.0,49.084407806396484
2011-03-09,70.33999633789062,69.63999938964844,70.33999633789062,70.05000305175781,222300.0,49.112457275390625
2011-03-10,68.30999755859375,67.37999725341797,68.30999755859375,67.66999816894531,191400.0,47.443817138671875
2011-03-11,69.54000091552734,68.01000213623047,68.01000213623047,69.02999877929688,388600.0,48.39732360839844
2011-03-14,69.68000030517578,68.04000091552734,68.33999633789062,69.6500015258789,284500.0,48.83201217651367
2011-03-15,66.98999786376953,65.05999755859375,65.79000091552734,66.63999938964844,357900.0,46.72168731689453
2011-03-16,67.25,64.26000213623047,66.56999969482422,64.8499984741211,261700.0,45.466705322265625
2011-03-17,66.04000091552734,65.08999633789062,65.33000183105469,65.22000122070312,254500.0,45.726112365722656
2011-03-18,66.36000061035156,65.19999694824219,66.16000366210938,65.43000030517578,327700.0,45.87334060668945
2011-03-21,67.29000091552734,66.62000274658203,66.97000122070312,67.02999877929688,395200.0,46.99510955810547
2011-03-22,68.22000122070312,67.27999877929688,67.27999877929688,67.9800033569336,218700.0,47.661163330078125
2011-03-23,69.33000183105469,67.9800033569336,68.27999877929688,69.0199966430664,257800.0,48.39030838012695
2011-03-24,70.33999633789062,69.26000213623047,69.55999755859375,70.0199966430664,243900.0,49.09142303466797
2011-03-25,70.45999908447266,69.55999755859375,69.9800033569336,70.19000244140625,64000.0,49.21061706542969
2011-03-28,69.86000061035156,69.51000213623047,69.80999755859375,69.5999984741211,112000.0,48.79695129394531
2011-03-29,71.05000305175781,70.05999755859375,70.05999755859375,70.9000015258789,201600.0,49.7083854675293
2011-03-30,72.81999969482422,71.62999725341797,71.62999725341797,72.33999633789062,194000.0,50.717979431152344
2011-03-31,73.04000091552734,72.25,72.37000274658203,72.93000030517578,242800.0,51.13162612915039
2011-04-01,74.43000030517578,73.19000244140625,73.54000091552734,74.19999694824219,355700.0,52.022029876708984
2011-04-04,74.76000213623047,74.0999984741211,74.52999877929688,74.48999786376953,254000.0,52.225364685058594
2011-04-05,74.97000122070312,74.0,74.12999725341797,74.63999938964844,350700.0,52.33052062988281
2011-04-06,75.77999877929688,75.05999755859375,75.05999755859375,75.61000061035156,267500.0,53.010597229003906
2011-04-07,75.80000305175781,74.70999908447266,75.6500015258789,75.38999938964844,234800.0,52.856361389160156
2011-04-08,75.98999786376953,75.1500015258789,75.63999938964844,75.62000274658203,266200.0,53.01760482788086
2011-04-11,75.30000305175781,74.19000244140625,75.18000030517578,74.30000305175781,263200.0,52.092140197753906
2011-04-12,74.08000183105469,72.80000305175781,73.91999816894531,73.0999984741211,267900.0,51.250816345214844
2011-04-13,73.4800033569336,71.81999969482422,73.37999725341797,72.33999633789062,310700.0,50.717979431152344
2011-04-14,72.13999938964844,70.69999694824219,71.47000122070312,72.02999877929688,273700.0,50.50062942504883
2011-04-15,71.98999786376953,70.63999938964844,71.30000305175781,71.94999694824219,238600.0,50.44455337524414
2011-04-18,70.0,68.69000244140625,70.0,69.87000274658203,436200.0,48.98625564575195
2011-04-19,71.08999633789062,70.05999755859375,70.19999694824219,71.06999969482422,310700.0,49.82756805419922
2011-04-20,73.08000183105469,71.81999969482422,72.1500015258789,72.83000183105469,308900.0,51.061527252197266
2011-04-21,74.27999877929688,73.45999908447266,73.58000183105469,74.19000244140625,132600.0,52.01502990722656
2011-04-25,74.41999816894531,73.36000061035156,74.2699966430664,73.69999694824219,231600.0,51.671485900878906
2011-04-26,74.7300033569336,73.94000244140625,74.22000122070312,74.7300033569336,317500.0,52.39362716674805
2011-04-27,75.8499984741211,73.98999786376953,75.26000213623047,75.70999908447266,450500.0,53.080711364746094
2011-04-28,75.91999816894531,74.69999694824219,74.72000122070312,75.87000274658203,325200.0,53.19289016723633
2011-04-29,77.19000244140625,76.20999908447266,76.63999938964844,76.87000274658203,507000.0,53.89400100708008
2011-05-02,77.58000183105469,76.37999725341797,77.13999938964844,76.68000030517578,323600.0,53.760772705078125
2011-05-03,75.38999938964844,73.94000244140625,75.38999938964844,74.52999877929688,336300.0,52.25339889526367
2011-05-04,73.9000015258789,72.52999877929688,73.87999725341797,73.12999725341797,218000.0,51.2718505859375
2011-05-05,71.80000305175781,70.41000366210938,71.45999908447266,71.11000061035156,774500.0,49.855628967285156
2011-05-06,73.58000183105469,71.51000213623047,72.5,72.05999755859375,379800.0,50.52166748046875
2011-05-09,72.0,71.05000305175781,71.79000091552734,71.77999877929688,306100.0,50.325355529785156
2011-05-10,72.58999633789062,71.33999633789062,71.73999786376953,72.41000366210938,139800.0,50.767051696777344
2011-05-11,71.98999786376953,69.68000030517578,71.98999786376953,70.31999969482422,376500.0,49.30175018310547
2011-05-12,70.6500015258789,69.0199966430664,69.58000183105469,70.31999969482422,254000.0,49.30175018310547
2011-05-13,69.94000244140625,68.06999969482422,69.94000244140625,68.55999755859375,354700.0,48.06780242919922
2011-05-16,69.86000061035156,68.72000122070312,68.81999969482422,69.22000122070312,604000.0,48.53053665161133
2011-05-17,69.55999755859375,68.4000015258789,68.63999938964844,69.44000244140625,317600.0,48.68477249145508
2011-05-18,70.70999908447266,69.33000183105469,69.70999908447266,70.52999877929688,264000.0,49.44898223876953
2011-05-19,71.0199966430664,70.2300033569336,70.54000091552734,70.77999877929688,209300.0,49.6242561340332
2011-05-20,70.93000030517578,69.83000183105469,70.69999694824219,70.11000061035156,197100.0,49.154518127441406
2011-05-23,68.23999786376953,67.25,67.69000244140625,67.91000366210938,253900.0,47.612091064453125
2011-05-24,69.4000015258789,68.73999786376953,68.73999786376953,69.08000183105469,103500.0,48.43238067626953
2011-05-25,69.4800033569336,68.11000061035156,68.20999908447266,69.12000274658203,101500.0,48.46043014526367
2011-05-26,70.38999938964844,69.33000183105469,69.66000366210938,70.30000305175781,270800.0,49.2877197265625
2011-05-27,71.41000366210938,70.55999755859375,70.81999969482422,70.8499984741211,206700.0,49.6733283996582
2011-05-31,73.0,72.19999694824219,72.88999938964844,72.87999725341797,424800.0,51.09657287597656
2011-06-01,72.91999816894531,71.36000061035156,72.56999969482422,71.45999908447266,370800.0,50.10100555419922
2011-06-02,72.73999786376953,71.41999816894531,72.22000122070312,72.63999938964844,193300.0,50.92831039428711
2011-06-03,72.5199966430664,71.51000213623047,71.51000213623047,71.94000244140625,201300.0,50.437538146972656
2011-06-06,71.83999633789062,70.22000122070312,71.33999633789062,70.33000183105469,263100.0,49.30876541137695
2011-06-07,72.25,71.44000244140625,72.12000274658203,71.47000122070312,354200.0,50.1080207824707
2011-06-08,71.66999816894531,71.06999969482422,71.5,71.31999969482422,285400.0,50.00284957885742
2011-06-09,71.94999694824219,71.08000183105469,71.19999694824219,71.47000122070312,324600.0,50.1080207824707
2011-06-10,70.76000213623047,69.56999969482422,70.61000061035156,70.0199966430664,161500.0,49.09142303466797
2011-06-13,70.44999694824219,69.37999725341797,70.44999694824219,69.75,263700.0,48.90211486816406
2011-06-14,70.77999877929688,70.0,70.0199966430664,70.44000244140625,186200.0,49.3858757019043
2011-06-15,70.06999969482422,68.33999633789062,69.75,68.68000030517578,167600.0,48.15193557739258
2011-06-16,68.80999755859375,67.43000030517578,68.16999816894531,68.1500015258789,391800.0,47.78034973144531
2011-06-17,69.33999633789062,68.5,69.01000213623047,68.86000061035156,291700.0,48.27812957763672
2011-06-20,69.55999755859375,68.91000366210938,68.98999786376953,69.20999908447266,101000.0,48.52351379394531
2011-06-21,71.0999984741211,69.83000183105469,69.8499984741211,70.9800033569336,265200.0,49.76447677612305
2011-06-22,69.22000122070312,68.04000091552734,68.55000305175781,68.08999633789062,171000.0,48.32170486450195
2011-06-23,68.12999725341797,66.4800033569336,66.87000274658203,68.0,222200.0,48.257835388183594
2011-06-24,67.51000213623047,66.80000305175781,67.44999694824219,66.97000122070312,172500.0,47.52687454223633
2011-06-27,68.0199966430664,66.87000274658203,67.0,67.58000183105469,377500.0,47.95977783203125
2011-06-28,69.1500015258789,68.0,68.05999755859375,69.0999984741211,192800.0,49.038482666015625
2011-06-29,70.13999938964844,68.69000244140625,69.05999755859375,69.95999908447266,222300.0,49.6488037109375
2011-06-30,71.08000183105469,70.16000366210938,70.5,71.06999969482422,272900.0,50.43653106689453
2011-07-01,71.70999908447266,70.08999633789062,70.31999969482422,71.63999938964844,154400.0,50.8410530090332
2011-07-05,72.1500015258789,71.33999633789062,71.5199966430664,71.7300033569336,174000.0,50.90492248535156
2011-07-06,72.0,71.0,71.41999816894531,71.55000305175781,218600.0,50.77717590332031
2011-07-07,72.87999725341797,72.25,72.27999877929688,72.66000366210938,117200.0,51.56492233276367
2011-07-08,71.52999877929688,70.62999725341797,71.05999755859375,71.37999725341797,268300.0,50.656532287597656
2011-07-11,70.23999786376953,69.0,70.12000274658203,69.22000122070312,225700.0,49.12364196777344
2011-07-12,70.27999877929688,68.80999755859375,69.04000091552734,69.30000305175781,235400.0,49.18041229248047
2011-07-13,70.95999908447266,69.4000015258789,69.63999938964844,70.04000091552734,207000.0,49.70558547973633
2011-07-14,71.02999877929688,69.77999877929688,70.81999969482422,70.0,357300.0,49.67719268798828
2011-07-15,70.97000122070312,70.0999984741211,70.36000061035156,70.69999694824219,182500.0,50.17395782470703
2011-07-18,69.29000091552734,68.56999969482422,69.18000030517578,69.19999694824219,121900.0,49.10945129394531
2011-07-19,70.08000183105469,69.22000122070312,69.91000366210938,69.98999786376953,253300.0,49.67009735107422
2011-07-20,70.27999877929688,69.72000122070312,69.95999908447266,70.12000274658203,135000.0,49.76235580444336
2011-07-21,71.4800033569336,70.25,70.41000366210938,71.3499984741211,183600.0,50.635250091552734
2011-07-22,71.23999786376953,70.13999938964844,70.81999969482422,71.08999633789062,140000.0,50.45072937011719
2011-07-25,71.4800033569336,70.55000305175781,70.55000305175781,70.9800033569336,193800.0,50.37267303466797
2011-07-26,72.1500015258789,71.37000274658203,71.75,71.5999984741211,123900.0,50.812652587890625
2011-07-27,71.88999938964844,70.22000122070312,71.87999725341797,70.44000244140625,168500.0,49.98944091796875
2011-07-28,70.5999984741211,69.31999969482422,70.20999908447266,69.44000244140625,317100.0,49.27976608276367
2011-07-29,70.19000244140625,69.30999755859375,69.62999725341797,69.80999755859375,483900.0,49.542354583740234
2011-08-01,71.19000244140625,69.7300033569336,70.9800033569336,70.69999694824219,191200.0,50.17395782470703
2011-08-02,70.37000274658203,68.26000213623047,69.98999786376953,68.36000061035156,267800.0,48.51332092285156
2011-08-03,70.01000213623047,68.19999694824219,69.63999938964844,69.3499984741211,419300.0,49.21589660644531
2011-08-04,67.0999984741211,63.209999084472656,67.08000183105469,63.209999084472656,489600.0,44.85849380493164
2011-08-05,66.22000122070312,62.7400016784668,65.52999877929688,64.8499984741211,671400.0,46.02236557006836
2011-08-08,63.869998931884766,59.09000015258789,63.52000045776367,59.40999984741211,392500.0,42.16173553466797
2011-08-09,62.689998626708984,57.439998626708984,59.779998779296875,62.38999938964844,1002600.0,44.27656936645508
2011-08-10,63.08000183105469,60.119998931884766,61.560001373291016,60.119998931884766,587500.0,42.66560745239258
2011-08-11,65.19000244140625,61.59000015258789,61.75,64.04000091552734,589900.0,45.44752502441406
2011-08-12,64.87000274658203,63.369998931884766,64.62999725341797,64.44000244140625,197600.0,45.73140335083008
2011-08-15,66.06999969482422,64.31999969482422,64.6500015258789,66.05999755859375,272700.0,46.881072998046875
2011-08-16,65.30000305175781,63.86000061035156,64.91999816894531,64.52999877929688,161600.0,45.79526901245117
2011-08-17,66.08999633789062,64.83999633789062,65.20999908447266,65.33999633789062,176400.0,46.3701057434082
2011-08-18,63.72999954223633,61.9900016784668,63.72999954223633,62.68000030517578,336600.0,44.48237228393555
2011-08-19,64.37000274658203,62.459999084472656,62.849998474121094,62.560001373291016,194200.0,44.397216796875
2011-08-22,64.41999816894531,63.290000915527344,64.33999633789062,63.54999923706055,228500.0,45.099788665771484
2011-08-23,64.41000366210938,62.40999984741211,62.970001220703125,64.2699966430664,630500.0,45.610755920410156
2011-08-24,64.30000305175781,62.900001525878906,63.869998931884766,63.97999954223633,157600.0,45.40494918823242
2011-08-25,64.22000122070312,62.290000915527344,63.95000076293945,62.90999984741211,316200.0,44.645599365234375
2011-08-26,64.73999786376953,62.279998779296875,62.900001525878906,64.5199966430664,203000.0,45.788177490234375
2011-08-29,67.12000274658203,66.33000183105469,66.56999969482422,66.9800033569336,159200.0,47.533973693847656
2011-08-30,67.80999755859375,66.26000213623047,66.63999938964844,67.33000183105469,314800.0,47.78236389160156
2011-08-31,69.02999877929688,68.08999633789062,68.36000061035156,68.86000061035156,276200.0,48.86815643310547
2011-09-01,70.23999786376953,68.69999694824219,69.5199966430664,68.79000091552734,490600.0,48.81848907470703
2011-09-02,68.19000244140625,67.0199966430664,67.37000274658203,67.41000366210938,565500.0,47.839134216308594
2011-09-06,66.1500015258789,65.04000091552734,65.5999984741211,66.06999969482422,270600.0,46.88816833496094
2011-09-07,68.55999755859375,66.54000091552734,66.86000061035156,68.48999786376953,146900.0,48.6055793762207
2011-09-08,68.44999694824219,66.94999694824219,67.61000061035156,67.26000213623047,220100.0,47.73268127441406
2011-09-09,66.62999725341797,65.05000305175781,66.30000305175781,65.69000244140625,251100.0,46.618499755859375
2011-09-12,65.25,63.400001525878906,64.36000061035156,64.93000030517578,333900.0,46.07913589477539
2011-09-13,66.08000183105469,64.31999969482422,64.73999786376953,65.8499984741211,164300.0,46.73203659057617
2011-09-14,66.44000244140625,64.12000274658203,65.6500015258789,65.6500015258789,317800.0,46.5900993347168
2011-09-15,66.9000015258789,65.5999984741211,66.33000183105469,66.51000213623047,299700.0,47.20042419433594
2011-09-16,66.54000091552734,65.66000366210938,66.0999984741211,66.31999969482422,113800.0,47.065589904785156
2011-09-19,64.5999984741211,63.36000061035156,64.20999908447266,64.22000122070312,175500.0,45.57527542114258
2011-09-20,64.70999908447266,63.2599983215332,63.900001525878906,63.47999954223633,202300.0,45.050106048583984
2011-09-21,63.06999969482422,60.380001068115234,63.04999923706055,60.43000030517578,279900.0,42.88560485839844
2011-09-22,58.939998626708984,56.5,58.38999938964844,57.08000183105469,385800.0,40.50819778442383
2011-09-23,57.900001525878906,56.290000915527344,57.09000015258789,57.5,402000.0,40.8062629699707
2011-09-26,59.68000030517578,57.47999954223633,58.790000915527344,59.63999938964844,368400.0,42.32496643066406
2011-09-27,62.459999084472656,60.79999923706055,61.400001525878906,61.290000915527344,333900.0,43.49592971801758
2011-09-28,62.220001220703125,59.650001525878906,61.70000076293945,59.81999969482422,283600.0,42.45270919799805
2011-09-29,60.380001068115234,57.79999923706055,60.04999923706055,58.95000076293945,360600.0,41.835289001464844
2011-09-30,58.689998626708984,56.15999984741211,56.88999938964844,56.540000915527344,382200.0,40.124977111816406
2011-10-03,58.279998779296875,56.130001068115234,57.08000183105469,56.220001220703125,401000.0,39.897884368896484
2011-10-04,57.63999938964844,54.63999938964844,55.52000045776367,57.63999938964844,941000.0,40.90561294555664
2011-10-05,58.540000915527344,56.560001373291016,57.099998474121094,58.38999938964844,532700.0,41.437870025634766
2011-10-06,59.9900016784668,57.29999923706055,58.31999969482422,59.849998474121094,528600.0,42.4739990234375
2011-10-07,60.380001068115234,58.630001068115234,59.970001220703125,59.2400016784668,257700.0,42.04109573364258
2011-10-10,62.0099983215332,61.13999938964844,61.13999938964844,61.91999816894531,263600.0,43.943016052246094
2011-10-11,61.29999923706055,59.790000915527344,60.63999938964844,61.09000015258789,284200.0,43.3539924621582
2011-10-12,63.18000030517578,62.09000015258789,62.09000015258789,62.209999084472656,269200.0,44.14882278442383
2011-10-13,61.939998626708984,60.529998779296875,61.7599983215332,61.619998931884766,144100.0,43.7301139831543
2011-10-14,62.209999084472656,61.310001373291016,61.95000076293945,62.209999084472656,98000.0,44.14882278442383
2011-10-17,61.41999816894531,60.040000915527344,61.41999816894531,60.2400016784668,382900.0,42.75076675415039
2011-10-18,62.41999816894531,59.29999923706055,60.02000045776367,62.0099983215332,274300.0,44.00688552856445
2011-10-19,61.34000015258789,59.720001220703125,61.34000015258789,60.0099983215332,219200.0,42.5875358581543
2011-10-20,59.849998474121094,57.79999923706055,59.630001068115234,58.810001373291016,330900.0,41.735931396484375
2011-10-21,60.88999938964844,59.599998474121094,59.61000061035156,60.83000183105469,254800.0,43.16946792602539
2011-10-24,63.0,61.06999969482422,61.220001220703125,62.970001220703125,223100.0,44.68817901611328
2011-10-25,62.959999084472656,61.63999938964844,62.33000183105469,61.869998931884766,889600.0,43.907527923583984
2011-10-26,63.209999084472656,61.38999938964844,62.68000030517578,62.93000030517578,223300.0,44.659793853759766
2011-10-27,67.69999694824219,64.80000305175781,65.05999755859375,66.81999969482422,463700.0,47.4204216003418
2011-10-28,66.83000183105469,65.56999969482422,65.56999969482422,66.7300033569336,322200.0,47.3565559387207
2011-10-31,65.29000091552734,63.189998626708984,65.13999938964844,63.400001525878906,336600.0,44.993343353271484
2011-11-01,62.540000915527344,60.36000061035156,60.86000061035156,61.61000061035156,438400.0,43.723018646240234
2011-11-02,63.869998931884766,62.40999984741211,62.790000915527344,63.369998931884766,368700.0,44.972049713134766
2011-11-03,65.62999725341797,63.7599983215332,64.75,65.18000030517578,143800.0,46.256553649902344
2011-11-04,64.29000091552734,63.33000183105469,64.22000122070312,64.16000366210938,447300.0,45.53269577026367
2011-11-07,65.20999908447266,63.779998779296875,63.97999954223633,65.12000274658203,174300.0,46.21398162841797
2011-11-08,66.22000122070312,64.44000244140625,65.26000213623047,66.05999755859375,227200.0,46.881072998046875
2011-11-09,63.45000076293945,61.369998931884766,63.45000076293945,61.689998626708984,633800.0,43.77979278564453
2011-11-10,64.0,62.4900016784668,63.18000030517578,63.13999938964844,233900.0,44.80882263183594
2011-11-11,64.68000030517578,63.7599983215332,63.86000061035156,64.16000366210938,144300.0,45.53269577026367
2011-11-14,64.0,62.83000183105469,63.79999923706055,63.099998474121094,120900.0,44.78043746948242
2011-11-15,63.27000045776367,61.880001068115234,62.66999816894531,62.720001220703125,172100.0,44.51076126098633
2011-11-16,63.650001525878906,62.0,62.36000061035156,62.189998626708984,205000.0,44.1346321105957
2011-11-17,62.459999084472656,59.86000061035156,62.08000183105469,60.27000045776367,365200.0,42.77206039428711
2011-11-18,61.220001220703125,60.310001373291016,61.20000076293945,60.310001373291016,160200.0,42.80044174194336
2011-11-21,59.779998779296875,58.08000183105469,59.63999938964844,58.619998931884766,302800.0,41.60109329223633
2011-11-22,59.150001525878906,57.91999816894531,58.33000183105469,58.5099983215332,217300.0,41.523033142089844
2011-11-23,57.790000915527344,56.779998779296875,57.790000915527344,56.779998779296875,168300.0,40.29529571533203
2011-11-25,58.529998779296875,57.0099983215332,57.65999984741211,57.0099983215332,225200.0,40.458518981933594
2011-11-28,60.70000076293945,59.81999969482422,60.08000183105469,60.43000030517578,344000.0,42.88560485839844
2011-11-29,60.099998474121094,59.029998779296875,59.310001373291016,59.470001220703125,237600.0,42.204315185546875
2011-11-30,64.77999877929688,62.31999969482422,62.31999969482422,64.77999877929688,427000.0,45.972686767578125
2011-12-01,64.4000015258789,63.33000183105469,63.689998626708984,63.86000061035156,217800.0,45.319786071777344
2011-12-02,64.5999984741211,62.790000915527344,64.5,62.869998931884766,474300.0,44.617210388183594
2011-12-05,64.98999786376953,63.70000076293945,64.51000213623047,64.16999816894531,366800.0,45.5397834777832
2011-12-06,64.91000366210938,63.310001373291016,63.790000915527344,64.31999969482422,434900.0,45.646236419677734
2011-12-07,65.23999786376953,63.4900016784668,63.790000915527344,64.73999786376953,257400.0,45.944297790527344
2011-12-08,63.72999954223633,61.52000045776367,63.72999954223633,61.58000183105469,265900.0,43.70173263549805
2011-12-09,64.23999786376953,62.63999938964844,62.650001525878906,63.970001220703125,417200.0,45.39784622192383
2011-12-12,62.20000076293945,60.7400016784668,62.20000076293945,61.09000015258789,313700.0,43.3539924621582
2011-12-13,61.880001068115234,59.36000061035156,61.290000915527344,59.459999084472656,252700.0,42.19722366333008
2011-12-14,59.959999084472656,58.720001220703125,59.59000015258789,58.869998931884766,320500.0,41.77851104736328
2011-12-15,60.279998779296875,58.88999938964844,60.02000045776367,59.220001220703125,256800.0,42.02689743041992
2011-12-16,60.5,59.619998931884766,59.779998779296875,59.93000030517578,383600.0,42.530765533447266
2011-12-19,59.75,58.189998626708984,59.689998626708984,58.310001373291016,323900.0,41.381099700927734
2011-12-20,60.33000183105469,59.209999084472656,59.209999084472656,60.2400016784668,279400.0,43.546875
2011-12-21,59.81999969482422,58.880001068115234,59.66999816894531,59.77000045776367,205100.0,43.20711898803711
2011-12-22,61.08000183105469,60.060001373291016,60.060001373291016,60.540000915527344,248500.0,43.763736724853516
2011-12-23,61.189998626708984,60.77000045776367,60.900001525878906,60.95000076293945,113800.0,44.060123443603516
2011-12-27,61.27000045776367,60.90999984741211,61.0099983215332,61.2400016784668,78700.0,44.26976776123047
2011-12-28,61.43000030517578,60.13999938964844,61.31999969482422,60.16999816894531,260000.0,43.496273040771484
2011-12-29,60.939998626708984,60.060001373291016,60.36000061035156,60.779998779296875,199800.0,43.937232971191406
2011-12-30,61.689998626708984,60.97999954223633,61.290000915527344,61.06999969482422,241300.0,44.146873474121094
2012-01-03,63.290000915527344,62.52000045776367,62.7599983215332,62.70000076293945,577100.0,45.32518768310547
2012-01-04,62.52000045776367,61.47999954223633,61.970001220703125,62.04999923706055,212000.0,44.85530090332031
2012-01-05,61.540000915527344,60.63999938964844,61.06999969482422,61.29999923706055,267400.0,44.31313705444336
2012-01-06,61.9900016784668,61.2599983215332,61.72999954223633,61.279998779296875,192600.0,44.29867935180664
2012-01-09,62.06999969482422,61.41999816894531,61.849998474121094,61.650001525878906,408900.0,44.5661506652832
2012-01-10,62.88999938964844,62.2400016784668,62.849998474121094,62.349998474121094,225600.0,45.07217025756836
2012-01-11,62.33000183105469,61.54999923706055,61.900001525878906,62.33000183105469,281100.0,45.057716369628906
2012-01-12,63.2599983215332,62.41999816894531,62.79999923706055,63.099998474121094,108000.0,45.61433792114258
2012-01-13,61.970001220703125,60.93000030517578,61.77000045776367,61.7599983215332,286900.0,44.64566421508789
2012-01-17,63.72999954223633,62.90999984741211,63.150001525878906,63.150001525878906,283200.0,45.650482177734375
2012-01-18,65.23999786376953,63.470001220703125,63.619998931884766,65.18000030517578,417200.0,47.117950439453125
2012-01-19,65.44999694824219,64.73999786376953,65.05000305175781,65.29000091552734,376300.0,47.19746780395508
2012-01-20,65.47000122070312,64.48999786376953,64.83000183105469,65.27999877929688,263100.0,47.190242767333984
2012-01-23,65.6500015258789,64.8499984741211,65.12000274658203,65.37999725341797,160400.0,47.262516021728516
2012-01-24,65.06999969482422,63.97999954223633,64.2699966430664,65.0199966430664,134700.0,47.00228500366211
2012-01-25,66.12999725341797,63.38999938964844,64.08000183105469,65.91999816894531,179300.0,47.652889251708984
2012-01-26,66.61000061035156,65.80000305175781,66.5,66.12000274658203,244200.0,47.797462463378906
2012-01-27,67.26000213623047,66.12000274658203,66.13999938964844,66.91999816894531,243800.0,48.37577819824219
2012-01-30,65.87999725341797,64.9000015258789,65.12000274658203,65.5999984741211,217000.0,47.42155838012695
2012-01-31,66.66000366210938,65.93000030517578,66.30999755859375,66.52999877929688,344600.0,48.093849182128906
2012-02-01,69.06999969482422,67.52999877929688,67.52999877929688,68.72000122070312,550000.0,49.676979064941406
2012-02-02,69.62000274658203,68.45999908447266,68.52999877929688,68.8499984741211,331000.0,49.77095031738281
2012-02-03,70.23999786376953,68.77999877929688,69.36000061035156,70.20999908447266,163500.0,50.754085540771484
2012-02-06,69.0999984741211,68.29000091552734,68.5199966430664,69.04000091552734,275900.0,49.908302307128906
2012-02-07,69.3499984741211,68.30999755859375,68.91000366210938,69.13999938964844,239300.0,49.9805908203125
2012-02-08,69.47000122070312,68.52999877929688,68.9000015258789,68.81999969482422,270200.0,49.749263763427734
2012-02-09,69.19000244140625,68.62999725341797,69.08000183105469,69.0,117300.0,49.87938690185547
2012-02-10,67.4000015258789,66.72000122070312,67.16999816894531,67.36000061035156,339400.0,48.693843841552734
2012-02-13,68.37000274658203,67.76000213623047,67.98999786376953,68.25,312800.0,49.33721923828125
2012-02-14,67.75,67.01000213623047,67.70999908447266,67.56999969482422,175600.0,48.84564971923828
2012-02-15,67.91000366210938,66.98999786376953,67.77999877929688,67.18000030517578,230100.0,48.563724517822266
2012-02-16,67.44000244140625,65.6500015258789,66.13999938964844,67.44000244140625,152200.0,48.75168228149414
2012-02-17,67.61000061035156,67.02999877929688,67.45999908447266,67.30000305175781,154600.0,48.650474548339844
2012-02-21,68.12999725341797,67.25,67.8499984741211,67.38999938964844,177000.0,48.71553039550781
2012-02-22,67.44000244140625,66.80999755859375,67.37000274658203,67.12999725341797,267300.0,48.527587890625
2012-02-23,68.61000061035156,67.63999938964844,67.8499984741211,68.41999816894531,114100.0,49.46010971069336
2012-02-24,69.4800033569336,68.83000183105469,68.83999633789062,69.37000274658203,104800.0,50.14686584472656
2012-02-27,69.68000030517578,68.05999755859375,68.12000274658203,69.18000030517578,154100.0,50.00950622558594
2012-02-28,70.69000244140625,69.58000183105469,69.62999725341797,70.5999984741211,199800.0,51.036006927490234
2012-02-29,71.54000091552734,69.54000091552734,71.37000274658203,69.70999908447266,511500.0,50.39263916015625
2012-03-01,71.45999908447266,70.4000015258789,70.4000015258789,71.3499984741211,420200.0,51.57818603515625
2012-03-02,70.91000366210938,70.12999725341797,70.45999908447266,70.38999938964844,307800.0,50.88420867919922
2012-03-05,69.9000015258789,69.23999786376953,69.87999725341797,69.52999877929688,885400.0,50.26251983642578
2012-03-06,67.7699966430664,66.63999938964844,67.70999908447266,66.91999816894531,838000.0,48.37577819824219
2012-03-07,68.5,67.37000274658203,67.56999969482422,68.37000274658203,326800.0,49.4239616394043
2012-03-08,69.9000015258789,68.9800033569336,69.08999633789062,69.66999816894531,202800.0,50.36371994018555
2012-03-09,70.25,69.47000122070312,69.7300033569336,69.61000061035156,166100.0,50.32035446166992
2012-03-12,69.61000061035156,68.77999877929688,69.16000366210938,69.27999877929688,137800.0,50.081790924072266
2012-03-13,70.25,69.4000015258789,69.4800033569336,70.12000274658203,426000.0,50.689022064208984
2012-03-14,69.69000244140625,68.27999877929688,69.33000183105469,68.55999755859375,348700.0,49.56131362915039
2012-03-15,69.7300033569336,68.70999908447266,69.05999755859375,69.48999786376953,143800.0,50.23359680175781
2012-03-16,69.77999877929688,69.30000305175781,69.30000305175781,69.55000305175781,166700.0,50.2769775390625
2012-03-19,69.79000091552734,69.0999984741211,69.0999984741211,69.55000305175781,166800.0,50.2769775390625
2012-03-20,70.08000183105469,67.8499984741211,68.30999755859375,68.4800033569336,352700.0,49.50348663330078
2012-03-21,68.51000213623047,67.94000244140625,68.51000213623047,68.19000244140625,129100.0,49.29384994506836
2012-03-22,67.25,66.63999938964844,67.05000305175781,67.11000061035156,213400.0,48.513126373291016
2012-03-23,67.5,66.58000183105469,67.18000030517578,67.45999908447266,165400.0,48.766143798828125
2012-03-26,69.68000030517578,68.68000030517578,68.7699966430664,69.58999633789062,260300.0,50.30589294433594
2012-03-27,69.93000030517578,69.55000305175781,69.63999938964844,69.55000305175781,154200.0,50.2769775390625
2012-03-28,68.97000122070312,67.55999755859375,68.87999725341797,68.01000213623047,240700.0,49.163726806640625
2012-03-29,68.31999969482422,66.9800033569336,67.26000213623047,68.08999633789062,223900.0,49.221553802490234
2012-03-30,68.93000030517578,67.7699966430664,68.4800033569336,68.91000366210938,341300.0,49.814327239990234
2012-04-02,70.05000305175781,68.37999725341797,68.52999877929688,69.66999816894531,423300.0,50.36371994018555
2012-04-03,69.56999969482422,67.88999938964844,69.19999694824219,68.44999694824219,649000.0,49.48179244995117
2012-04-04,67.08000183105469,65.79000091552734,67.08000183105469,66.05999755859375,485400.0,47.75408935546875
2012-04-05,67.16000366210938,66.31999969482422,66.44999694824219,66.6500015258789,573900.0,48.18059539794922
2012-04-09,66.11000061035156,65.58000183105469,65.76000213623047,65.73999786376953,150100.0,47.52276611328125
2012-04-10,65.83000183105469,64.37999725341797,65.72000122070312,64.7300033569336,355700.0,46.79265213012695
2012-04-11,65.68000030517578,64.94000244140625,65.55000305175781,64.95999908447266,124900.0,46.95891189575195
2012-04-12,66.69000244140625,65.2699966430664,65.33000183105469,66.5199966430664,301100.0,48.086612701416016
2012-04-13,66.19000244140625,65.45999908447266,66.19000244140625,65.47000122070312,284900.0,47.32758331298828
2012-04-16,65.97000122070312,65.01000213623047,65.58000183105469,65.69999694824219,464000.0,47.49384689331055
2012-04-17,67.30999755859375,66.5,66.7300033569336,67.05000305175781,252000.0,48.46976089477539
2012-04-18,67.44000244140625,66.69999694824219,66.69999694824219,67.19000244140625,125700.0,48.570960998535156
2012-04-19,67.12000274658203,66.12000274658203,66.91999816894531,66.51000213623047,177900.0,48.07939147949219
2012-04-20,67.94000244140625,67.22000122070312,67.29000091552734,67.44000244140625,307500.0,48.75168228149414
2012-04-23,66.7699966430664,66.02999877929688,66.7699966430664,66.5999984741211,308500.0,48.14445114135742
2012-04-24,67.33000183105469,66.7699966430664,66.97000122070312,66.91000366210938,258500.0,48.368553161621094
2012-04-25,68.05000305175781,67.37999725341797,67.54000091552734,67.94999694824219,343400.0,49.1203498840332
2012-04-26,68.20999908447266,67.51000213623047,67.87999725341797,68.11000061035156,267300.0,49.23602294921875
2012-04-27,68.44999694824219,67.98999786376953,68.38999938964844,68.36000061035156,182400.0,49.4167366027832
2012-04-30,68.66000366210938,68.25,68.41000366210938,68.5999984741211,300200.0,49.590232849121094
2012-05-01,69.87999725341797,68.38999938964844,68.38999938964844,69.47000122070312,546500.0,50.21914291381836
2012-05-02,68.91000366210938,68.25,68.77999877929688,68.7699966430664,248000.0,49.7131233215332
2012-05-03,69.08000183105469,67.97000122070312,68.9000015258789,68.1500015258789,242900.0,49.264930725097656
2012-05-04,68.45999908447266,67.4800033569336,68.36000061035156,67.62000274658203,393400.0,48.88180923461914
2012-05-07,67.88999938964844,67.0999984741211,67.0999984741211,67.70999908447266,143000.0,48.94685745239258
2012-05-08,66.77999877929688,65.36000061035156,66.73999786376953,66.33000183105469,326000.0,47.94927215576172
2012-05-09,65.6500015258789,63.97999954223633,64.56999969482422,65.06999969482422,441700.0,47.038429260253906
2012-05-10,65.95999908447266,65.38999938964844,65.75,65.79000091552734,246700.0,47.55891799926758
2012-05-11,65.80999755859375,64.63999938964844,64.80000305175781,64.69999694824219,229000.0,46.770965576171875
2012-05-14,63.599998474121094,62.869998931884766,63.5,62.91999816894531,295900.0,45.48421859741211
2012-05-15,62.959999084472656,61.689998626708984,62.83000183105469,61.959999084472656,848200.0,44.79023742675781
2012-05-16,63.61000061035156,62.279998779296875,62.560001373291016,62.38999938964844,488500.0,45.101078033447266
2012-05-17,62.849998474121094,62.0099983215332,62.56999969482422,62.0099983215332,386700.0,44.82638168334961
2012-05-18,62.400001525878906,61.09000015258789,62.18000030517578,61.310001373291016,388100.0,44.320369720458984
2012-05-21,62.95000076293945,61.47999954223633,61.70000076293945,62.86000061035156,295100.0,45.44084930419922
2012-05-22,63.58000183105469,61.9900016784668,63.029998779296875,62.45000076293945,245300.0,45.14445877075195
2012-05-23,62.2400016784668,60.380001068115234,61.54999923706055,62.209999084472656,423000.0,44.97096633911133
2012-05-24,62.599998474121094,61.560001373291016,62.22999954223633,62.36000061035156,257400.0,45.07939529418945
2012-05-25,62.349998474121094,61.619998931884766,61.650001525878906,61.9900016784668,144300.0,44.811927795410156
2012-05-29,63.54999923706055,62.40999984741211,62.720001220703125,63.04999923706055,198700.0,45.57819747924805
2012-05-30,61.630001068115234,60.849998474121094,61.43000030517578,61.22999954223633,298000.0,44.26253128051758
2012-05-31,62.59000015258789,61.0,61.79999923706055,62.27000045776367,350300.0,45.014339447021484
2012-06-01,61.970001220703125,61.09000015258789,61.689998626708984,61.310001373291016,240400.0,44.320369720458984
2012-06-04,62.63999938964844,61.790000915527344,62.04999923706055,62.40999984741211,412300.0,45.11554718017578
2012-06-05,63.0,62.130001068115234,62.79999923706055,62.869998931884766,540100.0,45.44807434082031
2012-06-06,64.62999725341797,63.040000915527344,63.34000015258789,64.38999938964844,301100.0,46.5468635559082
2012-06-07,65.63999938964844,64.08000183105469,65.48999786376953,64.19999694824219,246600.0,46.409515380859375
2012-06-08,63.880001068115234,62.70000076293945,62.970001220703125,63.7400016784668,184100.0,46.076988220214844
2012-06-11,64.0999984741211,62.18000030517578,63.970001220703125,62.31999969482422,232100.0,45.050479888916016
2012-06-12,63.88999938964844,62.88999938964844,63.34000015258789,63.720001220703125,272700.0,46.062530517578125
2012-06-13,64.58999633789062,63.54999923706055,63.709999084472656,63.86000061035156,229600.0,46.16373825073242
2012-06-14,64.30000305175781,63.380001068115234,63.70000076293945,64.08000183105469,195100.0,46.32276916503906
2012-06-15,64.95999908447266,63.7599983215332,63.79999923706055,64.79000091552734,221900.0,46.836021423339844
2012-06-18,66.1500015258789,64.54000091552734,64.80999755859375,66.01000213623047,186800.0,47.71795654296875
2012-06-19,67.30999755859375,66.3499984741211,66.47000122070312,66.88999938964844,399300.0,48.35409164428711
2012-06-20,67.91999816894531,66.43000030517578,66.8499984741211,67.16999816894531,220700.0,48.55649185180664
2012-06-21,65.47000122070312,63.16999816894531,65.20999908447266,63.2599983215332,307700.0,46.44215393066406
2012-06-22,63.93000030517578,62.7599983215332,63.849998474121094,63.06999969482422,75500.0,46.30266571044922
2012-06-25,62.56999969482422,61.810001373291016,62.369998931884766,62.41999816894531,286200.0,45.82547378540039
2012-06-26,62.97999954223633,61.86000061035156,62.65999984741211,62.86000061035156,243500.0,46.148494720458984
2012-06-27,62.880001068115234,62.189998626708984,62.56999969482422,62.369998931884766,123800.0,45.788761138916016
2012-06-28,61.790000915527344,60.869998931884766,61.5,61.68000030517578,202900.0,45.282203674316406
2012-06-29,63.959999084472656,62.9900016784668,62.9900016784668,63.900001525878906,284600.0,46.912010192871094
2012-07-02,64.08999633789062,63.18000030517578,63.77000045776367,63.9900016784668,225600.0,46.978084564208984
2012-07-03,65.25,64.3499984741211,64.69999694824219,65.16000366210938,159400.0,47.8370361328125
2012-07-05,65.6500015258789,64.4800033569336,64.80999755859375,65.22000122070312,241500.0,47.88108444213867
2012-07-06,64.30000305175781,63.72999954223633,64.08999633789062,64.19000244140625,73900.0,47.12491226196289
2012-07-09,63.93000030517578,63.16999816894531,63.529998779296875,63.81999969482422,90700.0,46.85328674316406
2012-07-10,65.0,63.099998474121094,64.7699966430664,63.310001373291016,897000.0,46.47886276245117
2012-07-11,63.630001068115234,62.869998931884766,63.36000061035156,63.27000045776367,89500.0,46.44949722290039
2012-07-12,62.54999923706055,61.54999923706055,62.11000061035156,62.13999938964844,116200.0,45.619911193847656
2012-07-13,63.2599983215332,62.40999984741211,62.40999984741211,63.150001525878906,175500.0,46.36140060424805
2012-07-16,63.849998474121094,63.02000045776367,63.279998779296875,63.689998626708984,74300.0,46.757835388183594
2012-07-17,64.48999786376953,63.119998931884766,63.900001525878906,64.44000244140625,190500.0,47.308448791503906
2012-07-18,64.55999755859375,63.79999923706055,63.79999923706055,64.48999786376953,207400.0,47.34514617919922
2012-07-19,64.70999908447266,63.95000076293945,64.27999877929688,64.63999938964844,303200.0,47.45527648925781
2012-07-20,63.83000183105469,63.43000030517578,63.7400016784668,63.630001068115234,197900.0,46.71378707885742
2012-07-23,61.9900016784668,61.029998779296875,61.599998474121094,61.68000030517578,201000.0,45.282203674316406
2012-07-24,61.97999954223633,61.04999923706055,61.88999938964844,61.61000061035156,206800.0,45.23081588745117
2012-07-25,63.29999923706055,62.34000015258789,62.77000045776367,62.900001525878906,177800.0,46.1778678894043
2012-07-26,64.58000183105469,63.439998626708984,63.58000183105469,64.31999969482422,228100.0,47.22035598754883
2012-07-27,66.5999984741211,65.13999938964844,65.30999755859375,66.5199966430664,269400.0,48.835472106933594
2012-07-30,66.37999725341797,65.69000244140625,65.69000244140625,66.12000274658203,165700.0,48.54181671142578
2012-07-31,65.56999969482422,64.43000030517578,65.52999877929688,64.47000122070312,317700.0,47.33047866821289
2012-08-01,65.7699966430664,64.5199966430664,65.38999938964844,64.61000061035156,263200.0,47.433258056640625
2012-08-02,65.11000061035156,64.05000305175781,64.1500015258789,64.52999877929688,348500.0,47.3745231628418
2012-08-03,67.83000183105469,66.77999877929688,67.11000061035156,67.3499984741211,357500.0,49.44481658935547
2012-08-06,67.77999877929688,67.27999877929688,67.27999877929688,67.47000122070312,137800.0,49.532920837402344
2012-08-07,67.76000213623047,67.0199966430664,67.16000366210938,67.4800033569336,430100.0,49.540260314941406
2012-08-08,67.80000305175781,66.61000061035156,66.75,67.54000091552734,162900.0,49.58430099487305
2012-08-09,67.87999725341797,67.2699966430664,67.5,67.66000366210938,141900.0,49.67241287231445
2012-08-10,68.1500015258789,66.81999969482422,66.91999816894531,68.08000183105469,179500.0,49.980743408203125
2012-08-13,67.48999786376953,66.63999938964844,67.36000061035156,66.98999786376953,91400.0,49.18052291870117
2012-08-14,67.44000244140625,66.8499984741211,67.16000366210938,67.02999877929688,140600.0,49.209896087646484
2012-08-15,66.87999725341797,66.33999633789062,66.44000244140625,66.44000244140625,668600.0,48.77674102783203
2012-08-16,67.73999786376953,66.5199966430664,66.80000305175781,67.44000244140625,176200.0,49.51090621948242
2012-08-17,65.9800033569336,65.30999755859375,65.77999877929688,65.6500015258789,346200.0,48.19676971435547
2012-08-20,65.86000061035156,65.3499984741211,65.5999984741211,65.70999908447266,260000.0,48.240814208984375
2012-08-21,67.1500015258789,66.23999786376953,66.76000213623047,66.5,201900.0,48.820796966552734
2012-08-22,66.86000061035156,65.70999908447266,65.87000274658203,66.75,142900.0,49.00433349609375
2012-08-23,66.52999877929688,65.72000122070312,66.4000015258789,65.9000015258789,154400.0,48.38030242919922
2012-08-24,65.98999786376953,65.29000091552734,65.58999633789062,65.70999908447266,102400.0,48.240814208984375
2012-08-27,66.01000213623047,65.18000030517578,65.72000122070312,65.29000091552734,81300.0,47.932472229003906
2012-08-28,65.66999816894531,64.9800033569336,65.58999633789062,65.06999969482422,606600.0,47.77096176147461
2012-08-29,65.7699966430664,65.18000030517578,65.56999969482422,65.27999877929688,197400.0,47.92512512207031
2012-08-30,64.5999984741211,63.849998474121094,64.5999984741211,64.0199966430664,149800.0,47.00010681152344
2012-08-31,65.18000030517578,63.66999816894531,64.30000305175781,64.77999877929688,367700.0,47.55805587768555
2012-09-04,65.12999725341797,64.45999908447266,64.9800033569336,64.83999633789062,324200.0,47.602108001708984
2012-09-05,64.66000366210938,63.95000076293945,64.41999816894531,64.11000061035156,425600.0,47.06618118286133
2012-09-06,67.36000061035156,64.88999938964844,65.04000091552734,66.87999725341797,1827700.0,49.09977340698242
2012-09-07,67.5999984741211,66.86000061035156,66.94000244140625,67.5999984741211,436700.0,49.62835693359375
2012-09-10,67.30999755859375,66.5999984741211,67.05999755859375,66.62999725341797,348600.0,48.91623306274414
2012-09-11,67.5,66.55999755859375,66.62999725341797,67.08000183105469,163500.0,49.24660873413086
2012-09-12,66.43000030517578,65.44999694824219,66.33999633789062,66.0199966430664,405900.0,48.46839904785156
2012-09-13,68.72000122070312,65.27999877929688,65.70999908447266,68.19999694824219,502400.0,50.06884765625
2012-09-14,67.8499984741211,66.86000061035156,67.33999633789062,67.30000305175781,821800.0,49.40811538696289
2012-09-17,67.7300033569336,66.81999969482422,67.7300033569336,67.12999725341797,217800.0,49.283302307128906
2012-09-18,68.38999938964844,67.37000274658203,67.7300033569336,68.29000091552734,409400.0,50.13490676879883
2012-09-19,68.02999877929688,67.5199966430664,68.0,67.77999877929688,165600.0,49.760501861572266
2012-09-20,67.47000122070312,66.22000122070312,66.55999755859375,67.47000122070312,263100.0,49.532920837402344
2012-09-21,68.04000091552734,67.1500015258789,67.54000091552734,67.33999633789062,316200.0,49.43747329711914
2012-09-24,67.5999984741211,66.7699966430664,66.94999694824219,67.36000061035156,81500.0,49.4521598815918
2012-09-25,68.33000183105469,66.87999725341797,67.88999938964844,66.94999694824219,243000.0,49.151161193847656
2012-09-26,66.86000061035156,66.12000274658203,66.77999877929688,66.62000274658203,194300.0,48.90890121459961
2012-09-27,67.5199966430664,66.43000030517578,67.11000061035156,67.2300033569336,212400.0,49.35671615600586
2012-09-28,67.22000122070312,66.22000122070312,66.44999694824219,66.75,303700.0,49.00433349609375
2012-10-01,67.66000366210938,66.47000122070312,67.02999877929688,66.69999694824219,212700.0,48.96761703491211
2012-10-02,67.43000030517578,66.73999786376953,67.22000122070312,67.25,418600.0,49.37140655517578
2012-10-03,66.55000305175781,65.6500015258789,66.55000305175781,65.7300033569336,240400.0,48.25550079345703
2012-10-04,65.52999877929688,65.0199966430664,65.37999725341797,65.43000030517578,319100.0,48.035255432128906
2012-10-05,64.5999984741211,62.93000030517578,64.30999755859375,63.2400016784668,579400.0,46.42747497558594
2012-10-08,62.09000015258789,61.599998474121094,61.84000015258789,62.06999969482422,385200.0,45.56852340698242
2012-10-09,62.939998626708984,62.0099983215332,62.66999816894531,62.560001373291016,819300.0,45.92825698852539
2012-10-10,63.939998626708984,63.13999938964844,63.70000076293945,63.25,323400.0,46.434814453125
2012-10-11,64.37999725341797,63.83000183105469,63.83000183105469,64.12000274658203,358400.0,47.07352066040039
2012-10-12,65.2300033569336,63.619998931884766,64.7300033569336,63.7599983215332,201900.0,46.80923080444336
2012-10-15,64.06999969482422,63.38999938964844,63.77000045776367,63.72999954223633,258400.0,46.78720474243164
2012-10-16,65.2699966430664,64.69999694824219,64.91000366210938,65.05000305175781,209400.0,47.756282806396484
2012-10-17,66.86000061035156,65.97000122070312,66.37000274658203,66.0999984741211,1720500.0,48.527137756347656
2012-10-18,65.66000366210938,64.8499984741211,65.19000244140625,65.26000213623047,264600.0,47.910457611083984
2012-10-19,65.29000091552734,64.41000366210938,65.02999877929688,64.45999908447266,281400.0,47.32313537597656
2012-10-22,65.91999816894531,65.19000244140625,65.38999938964844,65.66999816894531,194600.0,48.211456298828125
2012-10-23,64.41999816894531,63.52000045776367,64.30000305175781,64.05000305175781,606000.0,47.02213668823242
2012-10-24,64.69000244140625,63.869998931884766,64.66000366210938,64.0,151700.0,46.98542404174805
2012-10-25,65.22000122070312,64.37000274658203,65.1500015258789,64.75,189100.0,47.536033630371094
2012-10-26,65.62999725341797,64.91999816894531,65.04000091552734,65.33000183105469,257700.0,47.96184158325195
2012-10-31,65.88999938964844,64.91999816894531,65.41000366210938,65.62999725341797,173500.0,48.18208312988281
2012-11-01,66.1500015258789,65.61000061035156,65.61000061035156,66.0199966430664,546500.0,48.46839904785156
2012-11-02,66.69000244140625,65.33000183105469,66.55000305175781,65.58000183105469,491000.0,48.14537811279297
2012-11-05,66.62999725341797,65.94000244140625,66.08999633789062,66.4000015258789,403600.0,48.747379302978516
2012-11-06,67.52999877929688,66.47000122070312,66.5,67.41000366210938,304000.0,49.48887252807617
2012-11-07,67.31999969482422,65.87000274658203,67.31999969482422,66.83999633789062,293200.0,49.070396423339844
2012-11-08,66.98999786376953,65.69999694824219,66.51000213623047,65.7699966430664,889800.0,48.28487014770508
2012-11-09,66.66000366210938,65.87999725341797,66.11000061035156,66.1500015258789,371400.0,48.5638427734375
2012-11-12,66.38999938964844,65.9800033569336,66.19000244140625,66.2300033569336,287100.0,48.62257385253906
2012-11-13,66.2699966430664,65.66999816894531,65.69999694824219,65.8499984741211,514500.0,48.343597412109375
2012-11-14,65.19999694824219,63.630001068115234,64.88999938964844,63.77000045776367,455600.0,46.816566467285156
2012-11-15,63.95000076293945,63.189998626708984,63.439998626708984,63.470001220703125,376000.0,46.5963249206543
2012-11-16,64.69999694824219,63.709999084472656,64.19999694824219,64.6500015258789,294300.0,47.46262741088867
2012-11-19,65.61000061035156,65.05000305175781,65.05000305175781,65.52999877929688,391600.0,48.10865783691406
2012-11-20,65.6500015258789,64.66000366210938,64.80999755859375,65.47000122070312,575800.0,48.06461715698242
2012-11-21,64.91999816894531,64.23999786376953,64.56999969482422,64.77999877929688,236300.0,47.55805587768555
2012-11-23,65.45999908447266,64.66000366210938,65.0,65.41000366210938,189900.0,48.02058029174805
2012-11-26,65.4000015258789,65.0,65.13999938964844,65.37000274658203,126800.0,47.991207122802734
2012-11-27,65.5199966430664,64.97000122070312,65.27999877929688,65.08999633789062,125800.0,47.785640716552734
2012-11-28,65.47000122070312,64.2300033569336,64.37999725341797,65.22000122070312,299700.0,47.88108444213867
2012-11-29,66.0,65.33999633789062,65.6500015258789,65.97000122070312,276200.0,48.43169403076172
2012-11-30,65.20999908447266,64.3499984741211,65.0199966430664,64.68000030517578,409600.0,47.484649658203125
2012-12-03,65.06999969482422,64.62999725341797,64.94000244140625,64.62999725341797,242900.0,47.447933197021484
2012-12-04,65.61000061035156,64.98999786376953,65.16999816894531,65.45999908447266,249500.0,48.05727767944336
2012-12-05,66.37000274658203,65.66999816894531,65.87000274658203,65.88999938964844,176200.0,48.372962951660156
2012-12-06,67.22000122070312,66.66000366210938,66.73999786376953,67.13999938964844,358000.0,49.290653228759766
2012-12-07,67.38999938964844,66.94000244140625,67.01000213623047,67.38999938964844,99700.0,49.474185943603516
2012-12-10,68.0199966430664,66.91999816894531,66.91999816894531,67.94000244140625,556500.0,49.877967834472656
2012-12-11,68.13999938964844,67.43000030517578,67.43000030517578,67.87999725341797,285600.0,49.83390808105469
2012-12-12,68.7300033569336,67.9000015258789,68.29000091552734,68.2699966430664,575700.0,50.1202278137207
2012-12-13,68.37000274658203,67.79000091552734,68.08000183105469,67.97000122070312,287400.0,49.89999771118164
2012-12-14,68.37000274658203,67.68000030517578,67.83000183105469,68.26000213623047,188200.0,50.11289596557617
2012-12-17,69.13999938964844,68.4000015258789,68.44000244140625,69.04000091552734,371100.0,50.68551254272461
2012-12-18,69.22000122070312,67.83000183105469,68.08999633789062,69.16999816894531,688600.0,51.622135162353516
2012-12-19,69.44000244140625,68.72000122070312,68.80999755859375,69.01000213623047,437800.0,51.502742767333984
2012-12-20,69.9800033569336,68.83999633789062,68.91999816894531,69.94000244140625,251500.0,52.19680404663086
2012-12-21,69.2699966430664,68.58000183105469,68.58000183105469,69.19999694824219,323800.0,51.644527435302734
2012-12-24,69.04000091552734,68.52999877929688,68.73999786376953,68.7300033569336,50500.0,51.293766021728516
2012-12-26,69.27999877929688,68.79000091552734,68.94000244140625,68.94000244140625,137700.0,51.450496673583984
2012-12-27,70.4800033569336,69.72000122070312,69.91999816894531,70.2300033569336,316200.0,52.413230895996094
2012-12-28,70.69999694824219,69.87999725341797,69.95999908447266,70.38999938964844,343400.0,52.53263854980469
2012-12-31,71.58999633789062,70.44000244140625,70.44000244140625,71.58000183105469,158800.0,53.42074966430664
2013-01-02,71.72000122070312,70.41999816894531,70.81999969482422,71.70999908447266,583900.0,53.51776885986328
2013-01-03,71.58999633789062,70.5999984741211,70.68000030517578,70.72000122070312,474300.0,52.77892303466797
2013-01-04,71.33999633789062,70.37999725341797,70.76000213623047,71.18000030517578,705900.0,53.122222900390625
2013-01-07,71.0199966430664,70.52999877929688,70.83999633789062,70.93000030517578,338400.0,52.935646057128906
2013-01-08,70.7300033569336,69.94000244140625,70.55999755859375,70.27999877929688,480000.0,52.45054244995117
2013-01-09,70.5,70.06999969482422,70.11000061035156,70.23999786376953,290200.0,52.420692443847656
2013-01-10,69.9800033569336,69.52999877929688,69.93000030517578,69.88999938964844,477100.0,52.159488677978516
2013-01-11,69.04000091552734,68.4800033569336,68.86000061035156,68.66000366210938,398500.0,51.24152374267578
2013-01-14,68.7699966430664,68.05000305175781,68.55000305175781,68.73999786376953,628700.0,51.30123519897461
2013-01-15,67.36000061035156,66.80000305175781,67.25,67.36000061035156,479300.0,50.27132797241211
2013-01-16,67.4800033569336,66.80999755859375,67.05000305175781,67.31999969482422,267500.0,50.241477966308594
2013-01-17,68.01000213623047,67.55000305175781,67.86000061035156,67.62000274658203,215600.0,50.465370178222656
2013-01-18,67.2699966430664,66.76000213623047,66.86000061035156,67.05000305175781,285900.0,50.039974212646484
2013-01-22,67.26000213623047,66.86000061035156,67.04000091552734,67.2300033569336,213900.0,50.1743049621582
2013-01-23,66.30999755859375,65.5999984741211,66.22000122070312,65.69999694824219,327200.0,49.03245544433594
2013-01-24,66.33000183105469,65.62000274658203,65.87000274658203,65.80000305175781,200300.0,49.10708999633789
2013-01-25,66.93000030517578,66.41999816894531,66.54000091552734,66.7699966430664,269500.0,49.830997467041016
2013-01-28,65.94000244140625,65.0,65.66999816894531,65.43000030517578,434800.0,48.830955505371094
2013-01-29,66.36000061035156,65.79000091552734,65.91000366210938,66.16999816894531,358800.0,49.383216857910156
2013-01-30,65.55000305175781,65.01000213623047,65.01000213623047,65.37999725341797,593500.0,48.79363250732422
2013-01-31,66.5999984741211,66.16000366210938,66.22000122070312,66.23999786376953,414000.0,49.43545913696289
2013-02-01,67.70999908447266,66.77999877929688,66.95999908447266,67.56999969482422,324500.0,50.42805099487305
2013-02-04,66.98999786376953,66.41000366210938,66.41000366210938,66.8499984741211,385300.0,49.890708923339844
2013-02-05,68.0199966430664,67.43000030517578,67.44000244140625,67.7300033569336,456600.0,50.54746627807617
2013-02-06,67.19000244140625,66.5,66.68000030517578,67.12999725341797,213900.0,50.09967041015625
2013-02-07,67.73999786376953,66.91000366210938,67.48999786376953,67.45999908447266,329400.0,50.34595489501953
2013-02-08,67.95999908447266,67.63999938964844,67.69000244140625,67.93000030517578,253600.0,50.69671630859375
2013-02-11,68.04000091552734,67.48999786376953,67.73999786376953,67.87999725341797,206900.0,50.659400939941406
2013-02-12,67.91999816894531,66.93000030517578,66.93000030517578,67.62999725341797,192000.0,50.47282409667969
2013-02-13,67.93000030517578,67.48999786376953,67.91999816894531,67.80999755859375,275700.0,50.60715866088867
2013-02-14,68.47000122070312,67.23999786376953,67.52999877929688,68.45999908447266,171500.0,51.092254638671875
2013-02-15,68.01000213623047,67.2300033569336,67.94999694824219,67.30000305175781,219900.0,50.22654342651367
2013-02-19,67.41000366210938,66.83000183105469,66.91999816894531,67.20999908447266,194900.0,50.15938186645508
2013-02-20,67.12999725341797,65.94000244140625,67.06999969482422,66.08999633789062,287800.0,49.323516845703125
2013-02-21,65.79000091552734,64.9000015258789,65.79000091552734,65.16999816894531,494500.0,48.63690948486328
2013-02-22,65.6500015258789,65.16999816894531,65.55000305175781,65.62000274658203,204400.0,48.97275161743164
2013-02-25,66.7300033569336,65.20999908447266,66.47000122070312,65.20999908447266,495100.0,48.66676712036133
2013-02-26,66.38999938964844,65.68000030517578,66.13999938964844,66.11000061035156,153800.0,49.33843994140625
2013-02-27,65.95999908447266,64.80000305175781,65.0999984741211,65.94000244140625,324700.0,49.211570739746094
2013-02-28,65.1500015258789,64.44999694824219,64.8499984741211,64.48999786376953,755500.0,48.129417419433594
2013-03-01,65.75,64.87000274658203,65.08000183105469,65.75,373600.0,49.06977462768555
2013-03-04,64.62000274658203,64.06999969482422,64.4000015258789,64.47000122070312,205600.0,48.11449432373047
2013-03-05,66.1500015258789,65.69999694824219,65.79000091552734,66.0999984741211,206500.0,49.33097457885742
2013-03-06,65.77999877929688,65.2300033569336,65.70999908447266,65.63999938964844,836200.0,48.987674713134766
2013-03-07,65.45999908447266,65.11000061035156,65.20999908447266,65.13999938964844,435200.0,48.61452102661133
2013-03-08,66.45999908447266,65.79000091552734,66.33000183105469,66.37000274658203,215800.0,49.5324821472168
2013-03-11,66.45999908447266,65.83999633789062,65.9000015258789,66.44999694824219,259400.0,49.592185974121094
2013-03-12,65.93000030517578,65.12999725341797,65.5999984741211,65.18000030517578,389100.0,48.64437484741211
2013-03-13,64.79000091552734,63.970001220703125,64.79000091552734,64.0,343400.0,47.76372528076172
2013-03-14,64.97000122070312,64.2300033569336,64.52999877929688,64.69999694824219,134000.0,48.28614807128906
2013-03-15,64.68000030517578,64.16000366210938,64.68000030517578,64.29000091552734,364000.0,47.980159759521484
2013-03-18,64.44000244140625,63.869998931884766,63.869998931884766,63.939998626708984,245200.0,47.71894836425781
2013-03-19,63.939998626708984,62.880001068115234,63.79999923706055,63.290000915527344,460500.0,47.23385238647461
2013-03-20,63.650001525878906,63.20000076293945,63.43000030517578,63.27000045776367,248300.0,47.21892547607422
2013-03-21,63.290000915527344,63.0,63.2599983215332,63.099998474121094,850800.0,47.0920524597168
2013-03-22,62.970001220703125,62.5,62.779998779296875,62.970001220703125,416300.0,46.99503707885742
2013-03-25,63.459999084472656,62.77000045776367,63.20000076293945,63.209999084472656,309900.0,47.17414855957031
2013-03-26,64.4800033569336,63.869998931884766,64.11000061035156,64.26000213623047,572700.0,47.95777130126953
2013-03-27,63.470001220703125,62.63999938964844,62.95000076293945,63.45000076293945,561200.0,47.353267669677734
2013-03-28,63.88999938964844,63.5099983215332,63.689998626708984,63.849998474121094,269600.0,47.65177917480469
2013-04-01,63.849998474121094,63.2599983215332,63.61000061035156,63.380001068115234,166900.0,47.301021575927734
2013-04-02,63.79999923706055,63.189998626708984,63.79999923706055,63.22999954223633,250800.0,47.18907165527344
2013-04-03,62.9900016784668,61.90999984741211,62.90999984741211,62.130001068115234,366600.0,46.368133544921875
2013-04-04,62.70000076293945,61.959999084472656,62.060001373291016,62.529998779296875,316300.0,46.66666030883789
2013-04-05,62.5099983215332,61.5,61.650001525878906,62.45000076293945,451700.0,46.60695266723633
2013-04-08,63.619998931884766,62.779998779296875,62.95000076293945,63.61000061035156,211700.0,47.47267150878906
2013-04-09,64.25,63.0099983215332,63.029998779296875,63.88999938964844,452900.0,47.681636810302734
2013-04-10,65.08000183105469,64.33000183105469,64.36000061035156,64.70999908447266,237800.0,48.293609619140625
2013-04-11,64.94999694824219,64.37999725341797,64.66999816894531,64.83000183105469,277000.0,48.3831672668457
2013-04-12,64.30999755859375,62.95000076293945,64.12999725341797,63.2599983215332,667500.0,47.211456298828125
2013-04-15,61.63999938964844,59.7400016784668,61.63999938964844,59.790000915527344,407200.0,44.62177276611328
2013-04-16,62.09000015258789,61.22999954223633,61.54999923706055,61.93000030517578,336200.0,46.218868255615234
2013-04-17,61.25,60.290000915527344,61.08000183105469,60.650001525878906,347800.0,45.26359558105469
2013-04-18,60.84000015258789,60.27000045776367,60.66999816894531,60.59000015258789,312900.0,45.21881866455078
2013-04-19,61.650001525878906,61.16999816894531,61.619998931884766,61.400001525878906,267400.0,45.82332992553711
2013-04-22,61.040000915527344,60.18000030517578,61.040000915527344,60.90999984741211,232100.0,45.45763397216797
2013-04-23,62.060001373291016,61.43000030517578,61.47999954223633,62.040000915527344,342500.0,46.30096435546875
2013-04-24,62.70000076293945,61.900001525878906,61.900001525878906,62.5,230600.0,46.64426803588867
2013-04-25,63.5099983215332,62.97999954223633,63.150001525878906,63.04999923706055,177000.0,47.05473327636719
2013-04-26,63.209999084472656,62.290000915527344,63.209999084472656,62.540000915527344,367000.0,46.67411804199219
2013-04-29,64.08000183105469,63.41999816894531,63.41999816894531,64.01000213623047,298400.0,47.77119064331055
2013-04-30,64.26000213623047,63.029998779296875,63.54999923706055,64.19999694824219,330900.0,47.912986755371094
2013-05-01,64.1500015258789,63.13999938964844,64.1500015258789,63.400001525878906,221000.0,47.31594467163086
2013-05-02,65.18000030517578,64.19999694824219,64.19999694824219,65.12000274658203,655100.0,48.59960174560547
2013-05-03,65.81999969482422,64.9000015258789,64.9000015258789,65.66999816894531,511700.0,49.010066986083984
2013-05-06,65.51000213623047,64.94999694824219,65.33000183105469,65.48999786376953,359800.0,48.875728607177734
2013-05-07,65.02999877929688,64.48999786376953,64.9000015258789,64.69000244140625,227500.0,48.278690338134766
2013-05-08,65.87999725341797,65.12999725341797,65.19999694824219,65.87999725341797,161300.0,49.16679000854492
2013-05-09,66.12999725341797,64.9800033569336,66.12000274658203,65.25,181300.0,48.696617126464844
2013-05-10,65.2699966430664,64.66999816894531,65.0199966430664,65.22000122070312,299900.0,48.67422866821289
2013-05-13,65.13999938964844,64.70999908447266,65.02999877929688,64.73999786376953,282600.0,48.31599426269531
2013-05-14,65.01000213623047,64.58999633789062,64.62000274658203,64.87999725341797,270300.0,48.42048263549805
2013-05-15,65.16999816894531,64.66000366210938,64.80000305175781,65.12999725341797,324300.0,48.607059478759766
2013-05-16,65.55000305175781,64.72000122070312,64.91000366210938,64.86000061035156,206400.0,48.40555953979492
2013-05-17,64.29000091552734,63.97999954223633,64.27999877929688,64.25,331700.0,47.9503173828125
2013-05-20,63.45000076293945,62.5099983215332,62.5099983215332,63.38999938964844,447600.0,47.30847930908203
2013-05-21,63.650001525878906,62.41999816894531,62.84000015258789,63.20000076293945,224200.0,47.166683197021484
2013-05-22,64.27999877929688,62.0099983215332,63.52000045776367,62.279998779296875,653500.0,46.48007583618164
2013-05-23,62.310001373291016,61.36000061035156,61.470001220703125,62.27000045776367,400200.0,46.47261428833008
2013-05-24,61.97999954223633,61.43000030517578,61.529998779296875,61.77000045776367,475400.0,46.09946823120117
2013-05-28,62.099998474121094,61.619998931884766,61.79999923706055,61.77000045776367,188100.0,46.09946823120117
2013-05-29,60.97999954223633,60.27000045776367,60.939998626708984,60.45000076293945,282000.0,45.11433792114258
2013-05-30,60.06999969482422,59.15999984741211,59.470001220703125,59.599998474121094,357000.0,44.4799690246582
2013-05-31,59.970001220703125,58.5,58.560001373291016,58.939998626708984,388700.0,43.987403869628906
2013-06-03,60.540000915527344,58.470001220703125,58.959999084472656,60.380001068115234,627100.0,45.062095642089844
2013-06-04,61.0099983215332,59.2599983215332,60.779998779296875,59.540000915527344,477900.0,44.43519592285156
2013-06-05,59.099998474121094,57.81999969482422,58.93000030517578,57.849998474121094,530100.0,43.173927307128906
2013-06-06,58.189998626708984,57.11000061035156,57.310001373291016,58.189998626708984,320000.0,43.427677154541016
2013-06-07,58.47999954223633,57.540000915527344,57.65999984741211,58.0099983215332,356400.0,43.29335021972656
2013-06-10,57.119998931884766,56.56999969482422,57.04999923706055,56.58000183105469,303500.0,42.226131439208984
2013-06-11,56.08000183105469,55.029998779296875,55.290000915527344,55.54999923706055,509200.0,41.45742416381836
2013-06-12,56.400001525878906,55.2400016784668,56.2599983215332,55.31999969482422,400300.0,41.2857666015625
2013-06-13,58.11000061035156,56.29999923706055,56.34000015258789,58.09000015258789,645800.0,43.353050231933594
2013-06-14,58.2400016784668,57.31999969482422,58.130001068115234,57.599998474121094,430100.0,42.98735046386719
2013-06-17,58.459999084472656,57.29999923706055,58.150001525878906,57.560001373291016,280400.0,42.95750427246094
2013-06-18,59.060001373291016,57.95000076293945,57.95000076293945,58.95000076293945,461200.0,43.994873046875
2013-06-19,58.9900016784668,56.459999084472656,58.54999923706055,56.529998779296875,518600.0,42.18880844116211
2013-06-20,55.709999084472656,53.380001068115234,55.709999084472656,53.61000061035156,712800.0,40.009586334228516
2013-06-21,55.68000030517578,54.18000030517578,54.720001220703125,55.349998474121094,704800.0,41.30816650390625
2013-06-24,54.83000183105469,53.369998931884766,54.06999969482422,54.150001525878906,599100.0,40.41259002685547
2013-06-25,55.58000183105469,54.599998474121094,55.33000183105469,55.02000045776367,610000.0,41.06188201904297
2013-06-26,56.400001525878906,55.56999969482422,55.61000061035156,56.27000045776367,589600.0,41.994773864746094
2013-06-27,57.040000915527344,56.25,56.25,56.88999938964844,575500.0,42.955970764160156
2013-06-28,58.63999938964844,56.41999816894531,56.86000061035156,58.439998626708984,353500.0,44.12633514404297
2013-07-01,59.560001373291016,58.560001373291016,59.13999938964844,58.63999938964844,324000.0,44.27735137939453
2013-07-02,59.5,57.58000183105469,58.900001525878906,57.93000030517578,487000.0,43.741249084472656
2013-07-03,57.31999969482422,56.709999084472656,57.130001068115234,56.88999938964844,250200.0,42.955970764160156
2013-07-05,56.65999984741211,55.209999084472656,56.29999923706055,55.70000076293945,413400.0,42.05743408203125
2013-07-08,56.40999984741211,55.65999984741211,55.810001373291016,56.0,296200.0,42.28395462036133
2013-07-09,57.810001373291016,56.720001220703125,57.5099983215332,57.689998626708984,341200.0,43.560028076171875
2013-07-10,57.400001525878906,56.650001525878906,57.040000915527344,56.72999954223633,406000.0,42.83516311645508
2013-07-11,59.349998474121094,58.150001525878906,58.689998626708984,59.16999816894531,444200.0,44.67753219604492
2013-07-12,59.220001220703125,58.63999938964844,58.91999816894531,59.02000045776367,315300.0,44.56427001953125
2013-07-15,59.939998626708984,59.5099983215332,59.59000015258789,59.72999954223633,184200.0,45.100372314453125
2013-07-16,59.939998626708984,59.060001373291016,59.70000076293945,59.79999923706055,334100.0,45.15323257446289
2013-07-17,60.150001525878906,59.68000030517578,59.939998626708984,59.97999954223633,234600.0,45.28914260864258
2013-07-18,59.9900016784668,58.97999954223633,59.59000015258789,59.06999969482422,402300.0,44.602027893066406
2013-07-19,59.20000076293945,58.540000915527344,59.20000076293945,58.75,295600.0,44.360408782958984
2013-07-22,59.88999938964844,58.86000061035156,59.0,59.79999923706055,707500.0,45.15323257446289
2013-07-23,60.779998779296875,59.79999923706055,59.900001525878906,60.720001220703125,648900.0,45.847896575927734
2013-07-24,60.900001525878906,59.34000015258789,60.650001525878906,59.7400016784668,533500.0,45.107933044433594
2013-07-25,60.45000076293945,59.15999984741211,59.15999984741211,60.34000015258789,445300.0,45.56096267700195
2013-07-26,60.029998779296875,59.22999954223633,59.72999954223633,59.900001525878906,509300.0,45.228736877441406
2013-07-29,59.939998626708984,59.45000076293945,59.65999984741211,59.7599983215332,154400.0,45.12302780151367
2013-07-30,60.310001373291016,59.93000030517578,60.189998626708984,60.130001068115234,267200.0,45.402400970458984
2013-07-31,60.459999084472656,59.29999923706055,59.58000183105469,59.619998931884766,437000.0,45.01731872558594
2013-08-01,60.75,59.880001068115234,60.459999084472656,60.529998779296875,543900.0,45.70442581176758
2013-08-02,61.08000183105469,60.29999923706055,60.65999984741211,60.7400016784668,314900.0,45.86299514770508
2013-08-05,60.77000045776367,60.29999923706055,60.599998474121094,60.5099983215332,163300.0,45.689327239990234
2013-08-06,60.349998474121094,59.70000076293945,60.349998474121094,59.75,222000.0,45.115478515625
2013-08-07,59.959999084472656,59.34000015258789,59.91999816894531,59.40999984741211,348100.0,44.85874557495117
2013-08-08,61.22999954223633,60.36000061035156,60.599998474121094,61.08000183105469,378300.0,46.119720458984375
2013-08-09,61.939998626708984,61.189998626708984,61.279998779296875,61.41999816894531,342400.0,46.37644577026367
2013-08-12,61.7599983215332,61.2400016784668,61.369998931884766,61.56999969482422,365600.0,46.48970031738281
2013-08-13,61.189998626708984,60.59000015258789,61.029998779296875,60.970001220703125,301200.0,46.03666305541992
2013-08-14,61.54999923706055,61.0,61.22999954223633,61.380001068115234,221100.0,46.34624099731445
2013-08-15,61.0,59.95000076293945,60.75,60.880001068115234,277900.0,45.96870422363281
2013-08-16,61.16999816894531,60.33000183105469,60.90999984741211,60.40999984741211,307200.0,45.61382293701172
2013-08-19,59.560001373291016,58.720001220703125,59.470001220703125,58.72999954223633,482100.0,44.345306396484375
2013-08-20,59.959999084472656,59.400001525878906,59.65999984741211,59.56999969482422,307400.0,44.97956085205078
2013-08-21,59.310001373291016,57.9900016784668,59.16999816894531,58.040000915527344,823800.0,43.82430648803711
2013-08-22,59.4900016784668,58.31999969482422,58.5,59.09000015258789,233600.0,44.617122650146484
2013-08-23,59.90999984741211,59.43000030517578,59.70000076293945,59.70000076293945,141500.0,45.07772445678711
2013-08-26,60.310001373291016,59.04999923706055,60.06999969482422,59.22999954223633,246500.0,44.722835540771484
2013-08-27,58.56999969482422,57.86000061035156,58.29999923706055,57.900001525878906,608000.0,43.718589782714844
2013-08-28,58.06999969482422,57.290000915527344,57.7400016784668,57.33000183105469,413900.0,43.288204193115234
2013-08-29,58.16999816894531,57.310001373291016,57.86000061035156,57.31999969482422,578500.0,43.28064727783203
2013-08-30,58.790000915527344,58.09000015258789,58.45000076293945,58.25,749700.0,43.98286437988281
2013-09-03,59.11000061035156,58.290000915527344,59.11000061035156,58.380001068115234,503700.0,44.081031799316406
2013-09-04,59.36000061035156,58.33000183105469,58.349998474121094,59.310001373291016,441600.0,44.78324508666992
2013-09-05,60.22999954223633,59.369998931884766,59.40999984741211,60.08000183105469,557600.0,45.36465072631836
2013-09-06,61.93000030517578,60.630001068115234,60.939998626708984,61.63999938964844,459400.0,46.54255294799805
2013-09-09,62.599998474121094,61.459999084472656,61.689998626708984,62.56999969482422,533800.0,47.244773864746094
2013-09-10,62.63999938964844,62.02000045776367,62.18000030517578,62.59000015258789,414400.0,47.25988006591797
2013-09-11,63.91999816894531,62.689998626708984,62.709999084472656,63.79999923706055,306400.0,48.17350387573242
2013-09-12,64.19000244140625,63.2599983215332,63.779998779296875,63.400001525878906,426500.0,47.87148666381836
2013-09-13,64.12999725341797,63.380001068115234,63.689998626708984,64.05999755859375,232100.0,48.36982727050781
2013-09-16,65.19000244140625,64.61000061035156,64.94000244140625,64.72000122070312,242300.0,48.86818313598633
2013-09-17,65.20999908447266,64.72000122070312,65.12000274658203,65.04000091552734,416000.0,49.10980224609375
2013-09-18,68.62000274658203,63.65999984741211,64.08000183105469,68.04000091552734,1037300.0,51.37500762939453
2013-09-19,67.31999969482422,66.33000183105469,66.94000244140625,66.94000244140625,801700.0,50.54443359375
2013-09-20,65.7699966430664,64.37999725341797,65.5199966430664,64.47000122070312,493800.0,48.679405212402344
2013-09-23,65.6500015258789,65.12000274658203,65.30999755859375,65.30000305175781,281400.0,49.30612564086914
2013-09-24,65.43000030517578,64.61000061035156,65.18000030517578,64.79000091552734,302000.0,48.9210319519043
2013-09-25,65.66000366210938,64.62000274658203,65.55999755859375,64.63999938964844,507600.0,48.807769775390625
2013-09-26,65.02999877929688,64.05999755859375,64.80000305175781,64.68000030517578,255400.0,48.837974548339844
2013-09-27,64.0,63.31999969482422,63.529998779296875,63.439998626708984,319500.0,47.90168762207031
2013-09-30,63.68000030517578,62.88999938964844,63.68000030517578,63.22999954223633,712600.0,47.74311828613281
2013-10-01,63.900001525878906,63.13999938964844,63.58000183105469,63.56999969482422,480800.0,47.999847412109375
2013-10-02,64.30000305175781,63.369998931884766,63.459999084472656,64.25,357400.0,48.51329803466797
2013-10-03,64.3499984741211,63.22999954223633,64.27999877929688,63.88999938964844,369600.0,48.24146270751953
2013-10-04,65.06999969482422,64.0199966430664,64.0999984741211,64.98999786376953,356800.0,49.07204055786133
2013-10-07,64.5999984741211,63.97999954223633,64.06999969482422,64.05999755859375,190000.0,48.36982727050781
2013-10-08,64.2699966430664,62.79999923706055,64.19000244140625,62.79999923706055,349400.0,47.418434143066406
2013-10-09,63.77000045776367,62.77000045776367,63.439998626708984,63.52000045776367,359300.0,47.96209716796875
2013-10-10,65.19000244140625,63.86000061035156,63.86000061035156,65.12000274658203,495400.0,49.17020797729492
2013-10-11,65.69999694824219,64.58999633789062,64.75,65.69999694824219,309000.0,49.60814666748047
2013-10-14,66.0,64.70999908447266,64.8499984741211,65.97000122070312,335400.0,49.81201171875
2013-10-15,66.30999755859375,65.19000244140625,65.87000274658203,65.30000305175781,468700.0,49.30612564086914
2013-10-16,67.04000091552734,66.54000091552734,66.5999984741211,66.97000122070312,293300.0,50.56709289550781
2013-10-17,67.43000030517578,66.94999694824219,67.19000244140625,67.3499984741211,298600.0,50.85401153564453
2013-10-18,67.81999969482422,67.36000061035156,67.70999908447266,67.38999938964844,171400.0,50.884212493896484
2013-10-21,67.6500015258789,67.18000030517578,67.33999633789062,67.38999938964844,124200.0,50.884212493896484
2013-10-22,69.06999969482422,67.83000183105469,67.87000274658203,68.75,450600.0,51.911102294921875
2013-10-23,67.8499984741211,67.04000091552734,67.77999877929688,67.0999984741211,415700.0,50.665245056152344
2013-10-24,67.62999725341797,66.94000244140625,67.4000015258789,67.06999969482422,572400.0,50.64259719848633
2013-10-25,67.41000366210938,66.68000030517578,66.72000122070312,67.33999633789062,341000.0,50.846466064453125
2013-10-28,67.9000015258789,67.25,67.2699966430664,67.80999755859375,224500.0,51.20133972167969
2013-10-29,67.62999725341797,67.31999969482422,67.41999816894531,67.44000244140625,234700.0,50.92198181152344
2013-10-30,67.69999694824219,66.0,67.62000274658203,66.4000015258789,318100.0,50.13669967651367
2013-10-31,66.69000244140625,65.61000061035156,66.68000030517578,65.62000274658203,681500.0,49.5477409362793
2013-11-01,65.44000244140625,64.43000030517578,65.19000244140625,64.72000122070312,781500.0,48.86818313598633
2013-11-04,65.6500015258789,64.93000030517578,64.9800033569336,65.5999984741211,761500.0,49.53263473510742
2013-11-05,64.68000030517578,63.970001220703125,64.55000305175781,64.05000305175781,614400.0,48.362281799316406
2013-11-06,65.05000305175781,64.58999633789062,64.86000061035156,64.69000244140625,438000.0,48.84552001953125
2013-11-07,64.7300033569336,63.18000030517578,64.62999725341797,63.27000045776367,527200.0,47.773319244384766
2013-11-08,63.20000076293945,62.65999984741211,62.66999816894531,63.099998474121094,769400.0,47.644962310791016
2013-11-11,62.9900016784668,62.290000915527344,62.79999923706055,62.540000915527344,498000.0,47.22212219238281
2013-11-12,63.0099983215332,62.18000030517578,62.630001068115234,62.52000045776367,744900.0,47.20702362060547
2013-11-13,62.849998474121094,62.02000045776367,62.27000045776367,62.7400016784668,362900.0,47.37313461303711
2013-11-14,64.43000030517578,62.29999923706055,62.65999984741211,64.29000091552734,349500.0,48.54349899291992
2013-11-15,65.22000122070312,64.5199966430664,64.5199966430664,65.05999755859375,785100.0,49.124900817871094
2013-11-18,65.7699966430664,64.94999694824219,65.23999786376953,64.98999786376953,607400.0,49.07204055786133
2013-11-19,64.69000244140625,63.61000061035156,64.69000244140625,63.810001373291016,445300.0,48.18106460571289
2013-11-20,65.41999816894531,63.439998626708984,64.76000213623047,63.56999969482422,497300.0,47.999847412109375
2013-11-21,63.91999816894531,63.47999954223633,63.619998931884766,63.83000183105469,253100.0,48.196170806884766
2013-11-22,64.16000366210938,63.380001068115234,63.470001220703125,64.0,315300.0,48.32452392578125
2013-11-25,64.51000213623047,63.34000015258789,64.20999908447266,63.4900016784668,647200.0,47.93943786621094
2013-11-26,63.0099983215332,62.439998626708984,62.68000030517578,62.88999938964844,375200.0,47.486392974853516
2013-11-27,63.20000076293945,62.470001220703125,62.84000015258789,62.939998626708984,377900.0,47.524147033691406
2013-11-29,64.44000244140625,63.70000076293945,63.939998626708984,64.18000030517578,332300.0,48.46044158935547
2013-12-02,63.650001525878906,62.2599983215332,63.380001068115234,62.369998931884766,540800.0,47.09375762939453
2013-12-03,61.90999984741211,60.650001525878906,61.40999984741211,61.06999969482422,1068000.0,46.11217498779297
2013-12-04,60.97999954223633,59.68000030517578,60.88999938964844,60.43000030517578,584500.0,45.62892150878906
2013-12-05,61.439998626708984,60.54999923706055,60.54999923706055,60.709999084472656,411800.0,45.8403434753418
2013-12-06,63.4900016784668,62.31999969482422,62.41999816894531,63.2400016784668,567000.0,47.750675201416016
2013-12-09,63.5,62.880001068115234,63.09000015258789,62.959999084472656,307400.0,47.53925323486328
2013-12-10,63.27000045776367,62.849998474121094,62.9900016784668,63.06999969482422,232800.0,47.62230682373047
2013-12-11,62.939998626708984,61.650001525878906,62.619998931884766,61.810001373291016,413700.0,46.67091751098633
2013-12-12,61.33000183105469,60.2599983215332,61.0,60.5099983215332,355800.0,45.689327239990234
2013-12-13,61.709999084472656,60.72999954223633,60.880001068115234,61.540000915527344,263500.0,46.46704864501953
2013-12-16,62.150001525878906,61.34000015258789,61.34000015258789,61.91999816894531,285300.0,46.75397872924805
2013-12-17,62.16999816894531,61.59000015258789,62.0099983215332,61.650001525878906,240900.0,46.55010986328125
2013-12-18,63.20000076293945,59.47999954223633,60.97999954223633,61.68000030517578,690800.0,47.27907180786133
2013-12-19,61.70000076293945,60.9900016784668,61.150001525878906,61.369998931884766,281600.0,47.04145431518555
2013-12-20,62.47999954223633,61.79999923706055,62.119998931884766,61.84000015258789,334100.0,47.40171813964844
2013-12-23,63.52000045776367,62.7599983215332,62.779998779296875,63.0,259700.0,48.29087829589844
2013-12-24,63.459999084472656,63.06999969482422,63.06999969482422,63.34000015258789,75200.0,48.55149841308594
2013-12-26,63.900001525878906,62.83000183105469,63.2599983215332,62.93000030517578,136000.0,48.23722457885742
2013-12-27,63.34000015258789,62.790000915527344,63.029998779296875,62.95000076293945,265100.0,48.2525520324707
2013-12-30,64.25,63.29999923706055,63.560001373291016,64.19999694824219,357800.0,49.21070861816406
2013-12-31,64.52999877929688,63.2599983215332,64.0,64.48999786376953,152600.0,49.4329948425293
2014-01-02,63.86000061035156,61.86000061035156,63.86000061035156,62.0,622000.0,47.52436065673828
2014-01-03,62.72999954223633,61.63999938964844,62.72999954223633,61.849998474121094,567200.0,47.40937423706055
2014-01-06,61.93000030517578,61.5,61.79999923706055,61.58000183105469,204500.0,47.20241928100586
2014-01-07,62.90999984741211,61.959999084472656,62.66999816894531,62.06999969482422,211500.0,47.57801818847656
2014-01-08,61.869998931884766,60.70000076293945,61.72999954223633,61.040000915527344,282500.0,46.78849792480469
2014-01-09,60.560001373291016,59.75,60.5099983215332,60.439998626708984,416000.0,46.328582763671875
2014-01-10,62.25,60.720001220703125,61.13999938964844,62.15999984741211,759800.0,47.647003173828125
2014-01-13,62.130001068115234,60.689998626708984,61.810001373291016,60.81999969482422,503600.0,46.61985778808594
2014-01-14,61.540000915527344,60.75,60.97999954223633,61.369998931884766,295200.0,47.04145431518555
2014-01-15,61.5,60.91999816894531,61.18000030517578,61.220001220703125,203200.0,46.92647933959961
2014-01-16,61.540000915527344,60.66999816894531,61.279998779296875,61.15999984741211,282800.0,46.88048553466797
2014-01-17,61.459999084472656,61.040000915527344,61.34000015258789,61.130001068115234,175900.0,46.85749053955078
2014-01-21,62.0,60.939998626708984,61.75,61.470001220703125,277000.0,47.11810302734375
2014-01-22,62.33000183105469,61.63999938964844,61.91999816894531,62.099998474121094,431200.0,47.601009368896484
2014-01-23,61.77000045776367,60.20000076293945,61.75,60.7599983215332,542100.0,46.57387161254883
2014-01-24,59.22999954223633,57.79999923706055,59.20000076293945,58.0,1017300.0,44.45827102661133
2014-01-27,58.08000183105469,56.70000076293945,57.939998626708984,57.27000045776367,812600.0,43.89871597290039
2014-01-28,58.779998779296875,58.099998474121094,58.43000030517578,58.599998474121094,522100.0,44.918190002441406
2014-01-29,57.41999816894531,56.119998931884766,56.939998626708984,56.380001068115234,525700.0,43.21650695800781
2014-01-30,57.2599983215332,56.72999954223633,56.9900016784668,56.95000076293945,396200.0,43.65342712402344
2014-01-31,58.0099983215332,56.220001220703125,56.279998779296875,57.70000076293945,476800.0,44.22831344604492
2014-02-03,57.27000045776367,55.310001373291016,57.15999984741211,55.5,647700.0,42.541969299316406
2014-02-04,57.36000061035156,56.43000030517578,56.619998931884766,57.060001373291016,818200.0,43.73774719238281
2014-02-05,57.08000183105469,56.18000030517578,56.81999969482422,56.779998779296875,460400.0,43.52311325073242
2014-02-06,58.06999969482422,56.599998474121094,56.599998474121094,57.790000915527344,411100.0,44.297298431396484
2014-02-07,58.5099983215332,57.869998931884766,58.099998474121094,58.27000045776367,523800.0,44.66523361206055
2014-02-10,58.099998474121094,57.439998626708984,58.060001373291016,57.65999984741211,565900.0,44.19764709472656
2014-02-11,59.119998931884766,57.65999984741211,57.790000915527344,58.97999954223633,442500.0,45.2094612121582
2014-02-12,59.7599983215332,58.7400016784668,59.18000030517578,58.9900016784668,654000.0,45.21712875366211
2014-02-13,59.45000076293945,58.18000030517578,58.380001068115234,59.36000061035156,268400.0,45.500732421875
2014-02-14,61.029998779296875,59.93000030517578,60.189998626708984,60.84000015258789,275300.0,46.635196685791016
2014-02-18,61.619998931884766,60.779998779296875,61.45000076293945,60.810001373291016,219700.0,46.6121940612793
2014-02-19,61.380001068115234,59.63999938964844,60.63999938964844,59.95000076293945,397300.0,45.95299530029297
2014-02-20,60.529998779296875,59.43000030517578,59.83000183105469,60.41999816894531,336300.0,46.313255310058594
2014-02-21,61.189998626708984,60.27000045776367,60.34000015258789,60.97999954223633,478400.0,46.74250411987305
2014-02-24,62.689998626708984,61.70000076293945,61.77000045776367,62.38999938964844,240900.0,47.823299407958984
2014-02-25,62.630001068115234,61.599998474121094,62.43000030517578,61.83000183105469,528500.0,47.3940544128418
2014-02-26,61.900001525878906,61.0,61.54999923706055,61.45000076293945,636600.0,47.1027717590332
2014-02-27,63.279998779296875,62.029998779296875,62.2599983215332,62.9900016784668,504500.0,48.28322219848633
2014-02-28,62.900001525878906,61.619998931884766,62.61000061035156,62.150001525878906,710100.0,47.63933563232422
2014-03-03,62.31999969482422,61.16999816894531,62.0,61.470001220703125,905500.0,47.11810302734375
2014-03-04,63.34000015258789,62.65999984741211,62.95000076293945,63.220001220703125,823800.0,48.45951843261719
2014-03-05,63.880001068115234,63.20000076293945,63.400001525878906,63.790000915527344,273000.0,48.89643478393555
2014-03-06,65.43000030517578,64.45999908447266,64.45999908447266,65.16000366210938,728700.0,49.94656753540039
2014-03-07,64.75,63.790000915527344,64.75,64.45999908447266,716800.0,49.40999984741211
2014-03-10,63.97999954223633,63.41999816894531,63.869998931884766,63.97999954223633,460600.0,49.042076110839844
2014-03-11,64.2300033569336,62.65999984741211,63.720001220703125,62.7400016784668,465800.0,48.091583251953125
2014-03-12,63.33000183105469,62.470001220703125,62.709999084472656,63.33000183105469,450800.0,48.54383850097656
2014-03-13,63.84000015258789,62.08000183105469,63.65999984741211,62.349998474121094,606500.0,47.792640686035156
2014-03-14,63.599998474121094,62.349998474121094,62.349998474121094,63.279998779296875,626200.0,48.50550842285156
2014-03-17,63.77000045776367,62.97999954223633,63.25,63.56999969482422,721500.0,48.72780227661133
2014-03-18,64.58000183105469,63.68000030517578,63.68000030517578,64.33999633789062,498700.0,49.318016052246094
2014-03-19,63.7400016784668,61.27000045776367,63.7400016784668,61.720001220703125,670600.0,47.30973815917969
2014-03-20,62.38999938964844,61.5099983215332,62.13999938964844,62.279998779296875,481500.0,47.73897933959961
2014-03-21,63.959999084472656,62.52000045776367,62.75,62.65999984741211,815900.0,48.03026580810547
2014-03-24,63.70000076293945,63.0,63.18000030517578,63.630001068115234,569800.0,48.7737922668457
2014-03-25,65.13999938964844,64.20999908447266,64.30999755859375,64.95999908447266,664800.0,49.79326629638672
2014-03-26,65.75,65.0999984741211,65.27999877929688,65.11000061035156,369100.0,49.908241271972656
2014-03-27,65.9800033569336,64.13999938964844,64.31999969482422,65.95999908447266,366800.0,50.55978775024414
2014-03-28,66.86000061035156,66.08999633789062,66.30999755859375,66.41000366210938,841900.0,50.90472412109375
2014-03-31,66.86000061035156,66.16999816894531,66.38999938964844,66.20999908447266,474300.0,50.75141906738281
2014-04-01,67.23999786376953,66.75,66.83000183105469,67.16999816894531,411100.0,51.487281799316406
2014-04-02,66.83999633789062,66.43000030517578,66.54000091552734,66.62000274658203,197100.0,51.06570053100586
2014-04-03,66.3499984741211,65.4800033569336,66.11000061035156,66.27999877929688,579300.0,50.80508041381836
2014-04-04,67.08999633789062,65.29000091552734,66.75,65.33000183105469,937600.0,50.076881408691406
2014-04-07,66.1500015258789,65.44999694824219,65.79000091552734,65.9000015258789,439200.0,50.5137939453125
2014-04-08,67.5999984741211,66.70999908447266,67.0,66.91999816894531,629500.0,51.29564666748047
2014-04-09,68.6500015258789,66.68000030517578,67.27999877929688,68.20999908447266,799200.0,52.28446578979492
2014-04-10,68.16999816894531,67.04000091552734,68.0,67.05000305175781,662800.0,51.395301818847656
2014-04-11,66.81999969482422,66.16000366210938,66.16000366210938,66.4800033569336,521100.0,50.958377838134766
2014-04-14,66.58000183105469,65.68000030517578,66.4000015258789,66.0199966430664,354100.0,50.60577392578125
2014-04-15,65.9800033569336,64.37999725341797,65.8499984741211,65.80000305175781,1300300.0,50.43714141845703
2014-04-16,66.5199966430664,65.38999938964844,65.47000122070312,66.3499984741211,506400.0,50.858726501464844
2014-04-17,67.62999725341797,66.56999969482422,66.6500015258789,67.26000213623047,266500.0,51.55626678466797
2014-04-21,67.54000091552734,66.94999694824219,67.31999969482422,67.16000366210938,516100.0,51.4796142578125
2014-04-22,67.16000366210938,66.61000061035156,66.62999725341797,66.94000244140625,474700.0,51.31098175048828
2014-04-23,66.86000061035156,65.8499984741211,66.75,66.51000213623047,534700.0,50.98137664794922
2014-04-24,67.0199966430664,66.1500015258789,66.83999633789062,66.7300033569336,267400.0,51.1500129699707
2014-04-25,66.69000244140625,66.0,66.54000091552734,66.33999633789062,620800.0,50.8510627746582
2014-04-28,67.08000183105469,66.0199966430664,66.77999877929688,66.81999969482422,1022200.0,51.218994140625
2014-04-29,67.11000061035156,66.48999786376953,66.48999786376953,67.01000213623047,514500.0,51.36463165283203
2014-04-30,67.13999938964844,66.3499984741211,66.36000061035156,67.05999755859375,312300.0,51.40296173095703
2014-05-01,67.4000015258789,66.61000061035156,66.83999633789062,67.25,421300.0,51.5485954284668
2014-05-02,68.16999816894531,67.30999755859375,67.47000122070312,67.77999877929688,339500.0,51.95486068725586
2014-05-05,67.23999786376953,66.31999969482422,67.19999694824219,66.77999877929688,166200.0,51.188331604003906
2014-05-06,67.66000366210938,67.05999755859375,67.29000091552734,67.18000030517578,718900.0,51.49494552612305
2014-05-07,67.83999633789062,66.86000061035156,67.06999969482422,67.83000183105469,182700.0,51.99317932128906
2014-05-08,69.3499984741211,68.58000183105469,68.58000183105469,68.75,336400.0,52.69837188720703
2014-05-09,68.69999694824219,68.04000091552734,68.58000183105469,68.41999816894531,373900.0,52.44542694091797
2014-05-12,69.36000061035156,68.73999786376953,69.0999984741211,69.30000305175781,464100.0,53.119964599609375
2014-05-13,69.95999908447266,69.36000061035156,69.41000366210938,69.63999938964844,353400.0,53.38058853149414
2014-05-14,70.8499984741211,69.83000183105469,70.0999984741211,70.61000061035156,533000.0,54.12411117553711
2014-05-15,70.16000366210938,68.63999938964844,70.16000366210938,69.12999725341797,390100.0,52.989662170410156
2014-05-16,69.56999969482422,68.91000366210938,69.37999725341797,69.43000030517578,302800.0,53.219608306884766
2014-05-19,70.1500015258789,69.58000183105469,69.58000183105469,69.98999786376953,177400.0,53.64887619018555
2014-05-20,69.47000122070312,68.63999938964844,69.33000183105469,69.18000030517578,352500.0,53.027992248535156
2014-05-21,70.0199966430664,69.4000015258789,69.56999969482422,69.94999694824219,187300.0,53.61820983886719
2014-05-22,70.76000213623047,70.2300033569336,70.4800033569336,70.52999877929688,237800.0,54.06278991699219
2014-05-23,70.98999786376953,70.55999755859375,70.69999694824219,70.62999725341797,535700.0,54.13945007324219
2014-05-27,69.56999969482422,68.48999786376953,69.44000244140625,68.94000244140625,459300.0,52.844024658203125
2014-05-28,69.06999969482422,68.33000183105469,68.63999938964844,68.9800033569336,571600.0,52.874691009521484
2014-05-29,69.61000061035156,69.06999969482422,69.08999633789062,69.5199966430664,234400.0,53.288604736328125
2014-05-30,68.97000122070312,67.41999816894531,68.87000274658203,67.6500015258789,581300.0,51.85521697998047
2014-06-02,67.6500015258789,67.12999725341797,67.41000366210938,67.3499984741211,238500.0,51.62525177001953
2014-06-03,67.4000015258789,66.97000122070312,67.05000305175781,66.9800033569336,277100.0,51.341644287109375
2014-06-04,67.20999908447266,66.66000366210938,67.01000213623047,66.73999786376953,207000.0,51.157676696777344
2014-06-05,67.95999908447266,67.30000305175781,67.69000244140625,67.79000091552734,224100.0,51.9625244140625
2014-06-06,69.13999938964844,68.22000122070312,68.4000015258789,68.93000030517578,296000.0,52.83634948730469
2014-06-09,68.88999938964844,68.38999938964844,68.87000274658203,68.69000244140625,228900.0,52.65239334106445
2014-06-10,69.33999633789062,68.51000213623047,68.5199966430664,69.2699966430664,356700.0,53.09697341918945
2014-06-11,69.02999877929688,68.43000030517578,68.4800033569336,68.83000183105469,309400.0,52.75970458984375
2014-06-12,69.41999816894531,68.66000366210938,69.26000213623047,68.91999816894531,408300.0,52.82868576049805
2014-06-13,69.5,68.25,68.43000030517578,69.41999816894531,306700.0,53.21194839477539
2014-06-16,69.16999816894531,68.3499984741211,69.02999877929688,68.63999938964844,334900.0,52.61406707763672
2014-06-17,68.83999633789062,68.20999908447266,68.62999725341797,68.6500015258789,386900.0,52.62173843383789
2014-06-18,69.80000305175781,68.11000061035156,68.33999633789062,69.76000213623047,702600.0,53.47257614135742
2014-06-19,70.37000274658203,69.22000122070312,69.7699966430664,69.43000030517578,336000.0,53.219608306884766
2014-06-20,70.20999908447266,69.29000091552734,69.62000274658203,70.1500015258789,171800.0,53.77151107788086
2014-06-23,70.13999938964844,69.3499984741211,70.08000183105469,69.81999969482422,168200.0,53.518550872802734
2014-06-24,70.5,68.9800033569336,70.22000122070312,69.19999694824219,594400.0,53.043312072753906
2014-06-25,68.80000305175781,68.31999969482422,68.63999938964844,68.80000305175781,349800.0,53.21580123901367
2014-06-26,69.18000030517578,68.54000091552734,68.87999725341797,69.08999633789062,279000.0,53.44010543823242
2014-06-27,69.27999877929688,68.66000366210938,68.80999755859375,69.2300033569336,276600.0,53.54840850830078
2014-06-30,69.27999877929688,68.68000030517578,69.2300033569336,68.70999908447266,281400.0,53.14619064331055
2014-07-01,69.37999725341797,69.0,69.12999725341797,69.26000213623047,241500.0,53.57160949707031
2014-07-02,69.33000183105469,69.0,69.0999984741211,69.29000091552734,355000.0,53.59480667114258
2014-07-03,69.33999633789062,68.25,68.33999633789062,69.33999633789062,172900.0,53.63348388671875
2014-07-07,68.98999786376953,68.62000274658203,68.73999786376953,68.91000366210938,236100.0,53.30088424682617
2014-07-08,69.9000015258789,69.12000274658203,69.66999816894531,69.38999938964844,412700.0,53.67215347290039
2014-07-09,69.87999725341797,69.0199966430664,69.2699966430664,69.68000030517578,359400.0,53.8964729309082
2014-07-10,68.83999633789062,67.80000305175781,68.12999725341797,68.75,499700.0,53.177120208740234
2014-07-11,69.2699966430664,68.7300033569336,68.7300033569336,69.19999694824219,172300.0,53.52519607543945
2014-07-14,69.48999786376953,69.13999938964844,69.25,69.4800033569336,126200.0,53.74177169799805
2014-07-15,69.94000244140625,69.0,69.80999755859375,69.16999816894531,353800.0,53.50198745727539
2014-07-16,70.48999786376953,70.02999877929688,70.26000213623047,70.18000030517578,160400.0,54.28321838378906
2014-07-17,69.7699966430664,68.56999969482422,69.19999694824219,68.62999725341797,1104700.0,53.08430480957031
2014-07-18,70.04000091552734,69.08999633789062,69.37999725341797,69.9000015258789,153900.0,54.06664276123047
2014-07-21,70.1500015258789,69.0199966430664,69.19000244140625,69.9000015258789,325700.0,54.06664276123047
2014-07-22,71.0,70.63999938964844,70.83000183105469,70.68000030517578,233100.0,54.669960021972656
2014-07-23,71.45999908447266,70.80999755859375,71.08999633789062,71.16999816894531,220100.0,55.04895782470703
2014-07-24,71.38999938964844,70.9800033569336,71.25,71.19000244140625,225200.0,55.064430236816406
2014-07-25,71.08999633789062,70.66999816894531,70.83000183105469,71.08000183105469,239500.0,54.979347229003906
2014-07-28,72.08999633789062,71.2300033569336,71.41999816894531,71.76000213623047,734000.0,55.50532531738281
2014-07-29,71.73999786376953,71.08999633789062,71.62000274658203,71.0999984741211,300600.0,54.99482345581055
2014-07-30,70.73999786376953,69.4000015258789,70.69000244140625,69.93000030517578,511700.0,54.08984375
2014-07-31,69.75,69.05000305175781,69.63999938964844,69.1500015258789,519000.0,53.48652648925781
2014-08-01,69.79000091552734,68.61000061035156,69.52999877929688,69.44000244140625,510100.0,53.71083450317383
2014-08-04,71.38999938964844,70.19999694824219,70.20999908447266,71.2300033569336,360400.0,55.09538269042969
2014-08-05,70.58000183105469,69.37999725341797,70.44000244140625,69.54000091552734,288000.0,53.78818130493164
2014-08-06,69.2699966430664,68.66999816894531,68.95999908447266,68.86000061035156,638600.0,53.262210845947266
2014-08-07,69.0,67.62000274658203,68.98999786376953,68.27999877929688,580200.0,52.81359100341797
2014-08-08,70.26000213623047,68.94999694824219,69.0199966430664,70.12999725341797,448600.0,54.244544982910156
2014-08-11,71.72000122070312,70.77999877929688,70.77999877929688,71.69999694824219,422900.0,55.45890808105469
2014-08-12,71.87999725341797,71.16000366210938,71.30999755859375,71.79000091552734,348600.0,55.52853012084961
2014-08-13,72.12999725341797,71.55999755859375,71.91000366210938,71.91999816894531,694500.0,55.62907409667969
2014-08-14,71.58000183105469,71.2699966430664,71.31999969482422,71.48999786376953,141400.0,55.296478271484375
2014-08-15,71.36000061035156,70.11000061035156,71.22000122070312,70.58999633789062,290800.0,54.600341796875
2014-08-18,71.22000122070312,70.56999969482422,70.81999969482422,71.12999725341797,163900.0,55.01802444458008
2014-08-19,71.18000030517578,70.68000030517578,70.86000061035156,70.81999969482422,391900.0,54.77824401855469
2014-08-20,70.5999984741211,69.87999725341797,70.18000030517578,70.23999786376953,285100.0,54.329627990722656
2014-08-21,71.08000183105469,70.55000305175781,70.6500015258789,70.83999633789062,382600.0,54.793701171875
2014-08-22,70.4800033569336,69.93000030517578,70.4800033569336,70.2699966430664,437800.0,54.352821350097656
2014-08-25,70.83999633789062,70.2699966430664,70.44999694824219,70.81999969482422,289700.0,54.77824401855469
2014-08-26,71.77999877929688,71.29000091552734,71.29000091552734,71.69000244140625,450200.0,55.451175689697266
2014-08-27,72.25,71.66999816894531,71.83000183105469,72.19999694824219,242800.0,55.845645904541016
2014-08-28,71.51000213623047,70.73999786376953,71.08000183105469,71.43000030517578,364500.0,55.25006103515625
2014-08-29,71.19999694824219,70.55000305175781,71.0,70.58999633789062,287100.0,54.600341796875
2014-09-02,70.94999694824219,70.2699966430664,70.8499984741211,70.51000213623047,344500.0,54.53847122192383
2014-09-03,72.0,71.54000091552734,71.94999694824219,71.7699966430664,288500.0,55.51305389404297
2014-09-04,72.6500015258789,71.52999877929688,72.4000015258789,71.79000091552734,343300.0,55.52853012084961
2014-09-05,72.7699966430664,71.77999877929688,72.05000305175781,72.66999816894531,380100.0,56.20920181274414
2014-09-08,72.20999908447266,71.06999969482422,71.91999816894531,71.26000213623047,297800.0,55.11857223510742
2014-09-09,70.54000091552734,69.38999938964844,70.31999969482422,69.75,512900.0,53.950618743896484
2014-09-10,69.5999984741211,68.91000366210938,69.0999984741211,69.51000213623047,200300.0,53.764976501464844
2014-09-11,69.29000091552734,68.61000061035156,69.04000091552734,68.81999969482422,431600.0,53.23126983642578
2014-09-12,68.58999633789062,67.87000274658203,68.48999786376953,68.16999816894531,520200.0,52.72850036621094
2014-09-15,68.0,67.52999877929688,67.81999969482422,67.83000183105469,280800.0,52.465518951416016
2014-09-16,69.58000183105469,67.75,67.9000015258789,69.05999755859375,580500.0,53.416908264160156
2014-09-17,69.41999816894531,67.58000183105469,69.0,67.83999633789062,375700.0,52.47325134277344
2014-09-18,68.93000030517578,68.02999877929688,68.25,68.5,256300.0,52.9837532043457
2014-09-19,69.4000015258789,67.91000366210938,69.37999725341797,68.19999694824219,570600.0,52.751705169677734
2014-09-22,67.63999938964844,65.9800033569336,67.58000183105469,66.30000305175781,448800.0,51.2820930480957
2014-09-23,66.13999938964844,65.2300033569336,65.83000183105469,65.31999969482422,459100.0,50.52406692504883
2014-09-24,66.61000061035156,65.2699966430664,66.02999877929688,66.48999786376953,404600.0,51.42905044555664
2014-09-25,65.44999694824219,64.23999786376953,65.44999694824219,64.38999938964844,335100.0,49.80473327636719
2014-09-26,65.25,64.41999816894531,64.62000274658203,65.0,148400.0,50.27656173706055
2014-09-29,64.48999786376953,63.86000061035156,64.05000305175781,64.01000213623047,277600.0,49.510807037353516
2014-09-30,64.3499984741211,63.66999816894531,63.90999984741211,64.13999938964844,443200.0,49.611358642578125
2014-10-01,64.7699966430664,62.95000076293945,64.55000305175781,63.2400016784668,571600.0,48.915225982666016
2014-10-02,64.31999969482422,62.77000045776367,63.880001068115234,63.869998931884766,738400.0,49.402523040771484
2014-10-03,64.20999908447266,63.33000183105469,63.75,64.05999755859375,341300.0,49.54948043823242
2014-10-06,65.7699966430664,65.27999877929688,65.44999694824219,65.48999786376953,609900.0,50.65555953979492
2014-10-07,65.4800033569336,64.31999969482422,65.4000015258789,64.37999725341797,307200.0,49.797000885009766
2014-10-08,66.26000213623047,63.619998931884766,64.52999877929688,66.05000305175781,745600.0,51.088722229003906
2014-10-09,65.87999725341797,63.79999923706055,65.6500015258789,64.12999725341797,563100.0,49.60362243652344
2014-10-10,63.970001220703125,62.43000030517578,63.70000076293945,62.4900016784668,467200.0,48.33510971069336
2014-10-13,64.66999816894531,63.439998626708984,63.88999938964844,63.459999084472656,530200.0,49.08538818359375
2014-10-14,64.9800033569336,63.77000045776367,64.08999633789062,64.30999755859375,735500.0,49.74285125732422
2014-10-15,63.2400016784668,60.900001525878906,62.79999923706055,62.90999984741211,719100.0,48.65997314453125
2014-10-16,63.7599983215332,61.459999084472656,61.70000076293945,62.779998779296875,836000.0,48.559417724609375
2014-10-17,64.66000366210938,63.7599983215332,64.11000061035156,64.0999984741211,624900.0,49.58042526245117
2014-10-20,64.58999633789062,63.93000030517578,64.19999694824219,64.3499984741211,363300.0,49.7737922668457
2014-10-21,66.3499984741211,65.58999633789062,65.6500015258789,66.0,342200.0,51.05004119873047
2014-10-22,65.68000030517578,64.80999755859375,65.37999725341797,65.1500015258789,615100.0,50.39258575439453
2014-10-23,65.83999633789062,65.33999633789062,65.63999938964844,65.52999877929688,310700.0,50.68650817871094
2014-10-24,66.12000274658203,65.4000015258789,65.77999877929688,65.97000122070312,401000.0,51.02684020996094
2014-10-27,66.30999755859375,65.23999786376953,65.33999633789062,66.27999877929688,332300.0,51.266624450683594
2014-10-28,67.95999908447266,67.13999938964844,67.18000030517578,67.9000015258789,396800.0,52.51967239379883
2014-10-29,68.79000091552734,67.25,68.3499984741211,67.69000244140625,364200.0,52.35723876953125
2014-10-30,68.8499984741211,67.7300033569336,67.95999908447266,68.55000305175781,224300.0,53.022430419921875
2014-10-31,69.0,68.05000305175781,68.7699966430664,68.38999938964844,620200.0,52.89866638183594
2014-11-03,69.08000183105469,68.5199966430664,68.7699966430664,68.68000030517578,424400.0,53.122982025146484
2014-11-04,68.91000366210938,68.18000030517578,68.68000030517578,68.56999969482422,693400.0,53.037899017333984
2014-11-05,67.7300033569336,67.0999984741211,67.44000244140625,67.58000183105469,286700.0,52.27216339111328
2014-11-06,67.87000274658203,65.79000091552734,67.30000305175781,66.04000091552734,624600.0,51.080989837646484
2014-11-07,66.94999694824219,66.23999786376953,66.33999633789062,66.83999633789062,444600.0,51.69976806640625
2014-11-10,67.76000213623047,67.04000091552734,67.5999984741211,67.20999908447266,281700.0,51.985958099365234
2014-11-11,68.04000091552734,67.33000183105469,67.41000366210938,67.87000274658203,191400.0,52.496463775634766
2014-11-12,68.48999786376953,67.5999984741211,67.98999786376953,67.88999938964844,265800.0,52.511932373046875
2014-11-13,68.76000213623047,67.94000244140625,68.29000091552734,68.16999816894531,297700.0,52.72850036621094
2014-11-14,70.44000244140625,69.12000274658203,69.12000274658203,70.38999938964844,547700.0,54.44565200805664
2014-11-17,69.62000274658203,68.98999786376953,69.19000244140625,69.45999908447266,299400.0,53.72629928588867
2014-11-18,70.30000305175781,69.76000213623047,69.76000213623047,70.2699966430664,266100.0,54.352821350097656
2014-11-19,70.19000244140625,69.19000244140625,69.68000030517578,69.7699966430664,339900.0,53.96608352661133
2014-11-20,69.01000213623047,68.63999938964844,68.94000244140625,68.68000030517578,261800.0,53.122982025146484
2014-11-21,71.9000015258789,70.73999786376953,70.73999786376953,71.69000244140625,731800.0,55.451175689697266
2014-11-24,71.43000030517578,70.7300033569336,71.3499984741211,70.8499984741211,335500.0,54.801448822021484
2014-11-25,71.08999633789062,70.45999908447266,70.61000061035156,70.52999877929688,426400.0,54.55393600463867
2014-11-26,70.58999633789062,70.11000061035156,70.27999877929688,70.58999633789062,306700.0,54.600341796875
2014-11-28,69.62000274658203,68.02999877929688,69.62000274658203,68.08000183105469,449600.0,52.65889358520508
2014-12-01,67.76000213623047,67.11000061035156,67.58000183105469,67.18000030517578,449000.0,51.96275329589844
2014-12-02,68.05999755859375,67.54000091552734,67.9000015258789,67.77999877929688,325300.0,52.426849365234375
2014-12-03,67.86000061035156,67.30000305175781,67.5999984741211,67.58000183105469,204700.0,52.27216339111328
2014-12-04,67.02999877929688,66.58000183105469,66.8499984741211,66.7300033569336,370800.0,51.61469650268555
2014-12-05,66.33000183105469,65.7699966430664,66.22000122070312,66.05000305175781,305300.0,51.088722229003906
2014-12-08,65.0199966430664,64.06999969482422,64.95999908447266,64.41999816894531,334400.0,49.827938079833984
2014-12-09,64.2300033569336,63.77000045776367,63.97999954223633,64.20999908447266,538800.0,49.66550827026367
2014-12-10,63.59000015258789,62.75,63.459999084472656,62.86000061035156,609100.0,48.621299743652344
2014-12-11,62.560001373291016,61.33000183105469,62.529998779296875,61.40999984741211,1239600.0,47.4997444152832
2014-12-12,61.97999954223633,60.93000030517578,61.720001220703125,60.97999954223633,874100.0,47.16714096069336
2014-12-15,61.20000076293945,59.5,61.13999938964844,59.79999923706055,838900.0,46.254432678222656
2014-12-16,60.95000076293945,58.97999954223633,59.54999923706055,59.86000061035156,1585600.0,46.300846099853516
2014-12-17,62.90999984741211,60.09000015258789,60.36000061035156,61.4900016784668,1368800.0,48.20832061767578
2014-12-18,65.02999877929688,64.23999786376953,64.30999755859375,65.02999877929688,789800.0,50.98368835449219
2014-12-19,65.06999969482422,64.29000091552734,64.45999908447266,64.70999908447266,588000.0,50.73280334472656
2014-12-22,64.5,63.959999084472656,64.33999633789062,64.23999786376953,313000.0,50.36433029174805
2014-12-23,64.25,63.91999816894531,64.23999786376953,64.11000061035156,295900.0,50.26240539550781
2014-12-24,64.33000183105469,63.86000061035156,63.86000061035156,64.18000030517578,87400.0,50.317291259765625
2014-12-26,64.97000122070312,64.51000213623047,64.51000213623047,64.69000244140625,199800.0,50.71712875366211
2014-12-29,65.58000183105469,64.94999694824219,65.2300033569336,65.06999969482422,314300.0,51.015052795410156
2014-12-30,65.33999633789062,64.83000183105469,65.20999908447266,65.19999694824219,474800.0,51.116966247558594
2014-12-31,65.30999755859375,64.63999938964844,65.12000274658203,64.81999969482422,176700.0,50.81904983520508
2015-01-02,64.16999816894531,63.290000915527344,64.16999816894531,63.5099983215332,715000.0,49.79200744628906
2015-01-05,62.459999084472656,61.5,62.45000076293945,61.689998626708984,587600.0,48.36511993408203
2015-01-06,64.0,62.779998779296875,63.150001525878906,63.130001068115234,755700.0,49.494083404541016
2015-01-07,65.12000274658203,64.08000183105469,64.4000015258789,65.0199966430664,1053700.0,50.9758415222168
2015-01-08,66.52999877929688,65.69999694824219,65.9000015258789,66.13999938964844,727000.0,51.85393142700195
2015-01-09,65.7699966430664,65.12999725341797,65.5999984741211,65.48999786376953,278100.0,51.34432601928711
2015-01-12,65.02999877929688,64.5,64.8499984741211,64.75,231700.0,50.76416778564453
2015-01-13,66.47000122070312,65.05999755859375,65.95999908447266,65.5,454500.0,51.352169036865234
2015-01-14,65.12000274658203,64.30999755859375,64.55999755859375,64.86000061035156,438400.0,50.85041427612305
2015-01-15,65.77999877929688,64.37000274658203,65.72000122070312,64.44000244140625,318900.0,50.5211296081543
2015-01-16,65.22000122070312,64.05999755859375,64.25,65.12000274658203,1370400.0,51.054256439208984
2015-01-20,65.43000030517578,64.68000030517578,64.94000244140625,65.25,401000.0,51.156166076660156
2015-01-21,67.22000122070312,66.08000183105469,66.16999816894531,67.11000061035156,635200.0,52.61441421508789
2015-01-22,69.37000274658203,67.0199966430664,67.52999877929688,68.80000305175781,522700.0,53.93937683105469
2015-01-23,68.26000213623047,67.80999755859375,67.97000122070312,67.87000274658203,323700.0,53.21025848388672
2015-01-26,69.29000091552734,68.37000274658203,68.47000122070312,69.13999938964844,660400.0,54.20594024658203
2015-01-27,68.51000213623047,67.83000183105469,68.08000183105469,68.12999725341797,378400.0,53.414100646972656
2015-01-28,69.54000091552734,68.25,69.18000030517578,68.37000274658203,381400.0,53.60226058959961
2015-01-29,69.12999725341797,68.16999816894531,68.93000030517578,69.0199966430664,366600.0,54.111854553222656
2015-01-30,68.69999694824219,67.45999908447266,68.37999725341797,67.58000183105469,604800.0,52.982906341552734
2015-02-02,69.81999969482422,68.44999694824219,68.44999694824219,69.62000274658203,464100.0,54.582271575927734
2015-02-03,71.43000030517578,70.31999969482422,70.31999969482422,71.41999816894531,655900.0,55.993465423583984
2015-02-04,70.47000122070312,69.1500015258789,70.0199966430664,69.16000366210938,1098900.0,54.221614837646484
2015-02-05,71.4000015258789,69.95999908447266,70.2699966430664,71.37000274658203,332600.0,55.95426559448242
2015-02-06,70.4800033569336,69.20999908447266,70.16999816894531,69.44000244140625,427900.0,54.44114303588867
2015-02-09,69.52999877929688,69.05000305175781,69.08000183105469,69.13999938964844,344200.0,54.20594024658203
2015-02-10,68.66999816894531,68.02999877929688,68.3499984741211,68.47000122070312,391800.0,53.68065643310547
2015-02-11,67.33999633789062,65.75,67.2699966430664,67.08999633789062,460000.0,52.598731994628906
2015-02-12,68.83000183105469,67.70999908447266,67.80000305175781,68.69000244140625,304500.0,53.853145599365234
2015-02-13,69.80999755859375,68.81999969482422,68.81999969482422,69.62999725341797,429600.0,54.5900993347168
2015-02-17,69.5999984741211,68.7699966430664,69.36000061035156,69.1500015258789,452100.0,54.213783264160156
2015-02-18,68.75,67.66999816894531,67.87000274658203,68.69999694824219,271300.0,53.86096954345703
2015-02-19,69.18000030517578,68.04000091552734,68.16999816894531,68.5999984741211,556300.0,53.78257751464844
2015-02-20,69.7300033569336,68.80000305175781,68.94999694824219,69.62999725341797,288000.0,54.5900993347168
2015-02-23,69.81999969482422,69.25,69.75,69.44999694824219,324400.0,54.448974609375
2015-02-24,70.76000213623047,69.16000366210938,69.63999938964844,70.5,594400.0,55.27219009399414
2015-02-25,70.41999816894531,69.75,69.93000030517578,70.08999633789062,213600.0,54.950740814208984
2015-02-26,69.94999694824219,69.41999816894531,69.76000213623047,69.5199966430664,149400.0,54.50385665893555
2015-02-27,69.0199966430664,68.36000061035156,68.5199966430664,68.45999908447266,387900.0,53.67281723022461
2015-03-02,67.94000244140625,67.31999969482422,67.7300033569336,67.77999877929688,423500.0,53.13970184326172
2015-03-03,67.66000366210938,67.1500015258789,67.38999938964844,67.29000091552734,468500.0,52.75553512573242
2015-03-04,68.0,66.63999938964844,67.47000122070312,67.13999938964844,452400.0,52.637935638427734
2015-03-05,68.18000030517578,66.87999725341797,67.77999877929688,67.20999908447266,1229500.0,52.692813873291016
2015-03-06,66.37000274658203,65.12999725341797,66.30000305175781,65.44000244140625,711800.0,51.30512619018555
2015-03-09,65.75,65.19999694824219,65.5999984741211,65.29000091552734,580400.0,51.187530517578125
2015-03-10,63.97999954223633,62.849998474121094,63.630001068115234,62.91999816894531,488300.0,49.32944107055664
2015-03-11,64.20999908447266,63.459999084472656,63.7400016784668,63.91999816894531,418500.0,50.11344528198242
2015-03-12,64.75,63.70000076293945,64.68000030517578,63.790000915527344,521300.0,50.01152801513672
2015-03-13,63.220001220703125,62.310001373291016,63.18000030517578,62.7599983215332,588300.0,49.204002380371094
2015-03-16,64.08999633789062,63.099998474121094,63.58000183105469,63.689998626708984,431900.0,49.93312454223633
2015-03-17,64.66999816894531,63.43000030517578,63.52000045776367,64.62000274658203,427000.0,50.66225051879883
2015-03-18,67.41999816894531,64.05000305175781,64.41000366210938,67.33000183105469,1065300.0,52.78689956665039
2015-03-19,66.27999877929688,64.83999633789062,66.27999877929688,65.02999877929688,676700.0,50.98368835449219
2015-03-20,66.93000030517578,65.9000015258789,66.13999938964844,66.68000030517578,538600.0,52.27729797363281
2015-03-23,67.54000091552734,66.87999725341797,67.16000366210938,67.33000183105469,334800.0,52.78689956665039
2015-03-24,68.66000366210938,68.01000213623047,68.33999633789062,68.45999908447266,555700.0,53.67281723022461
2015-03-25,68.33999633789062,66.83000183105469,68.23999786376953,66.8499984741211,550700.0,52.41057586669922
2015-03-26,66.80999755859375,65.5,66.7699966430664,65.97000122070312,710100.0,51.72065353393555
2015-03-27,66.62999725341797,66.01000213623047,66.2300033569336,66.41000366210938,658600.0,52.065616607666016
2015-03-30,67.08000183105469,66.41000366210938,66.81999969482422,66.93000030517578,548200.0,52.47330093383789
2015-03-31,67.23999786376953,66.31999969482422,66.55999755859375,67.0199966430664,484000.0,52.54385757446289
2015-04-01,68.61000061035156,67.56999969482422,67.86000061035156,68.41000366210938,1242700.0,53.63361740112305
2015-04-02,69.5,68.47000122070312,68.51000213623047,69.2699966430664,436700.0,54.30785369873047
2015-04-06,71.41000366210938,69.62000274658203,70.41999816894531,70.55000305175781,299000.0,55.3113899230957
2015-04-07,71.29000091552734,69.5999984741211,70.20999908447266,69.66000366210938,468100.0,54.61362838745117
2015-04-08,70.87000274658203,69.91000366210938,70.55999755859375,70.23999786376953,593500.0,55.0683479309082
2015-04-09,71.06999969482422,69.93000030517578,70.83999633789062,70.18000030517578,756600.0,55.02130889892578
2015-04-10,70.5999984741211,70.05000305175781,70.19999694824219,70.51000213623047,241100.0,55.280033111572266
2015-04-13,70.70999908447266,69.41000366210938,70.4000015258789,69.47000122070312,386300.0,54.464656829833984
2015-04-14,70.37000274658203,69.41000366210938,69.73999786376953,70.11000061035156,224400.0,54.96642303466797
2015-04-15,70.0,68.69999694824219,69.41000366210938,69.80999755859375,539600.0,54.731224060058594
2015-04-16,71.75,70.5,70.5,71.30000305175781,742800.0,55.89938735961914
2015-04-17,70.58999633789062,69.3499984741211,70.58999633789062,69.94999694824219,591300.0,54.840980529785156
2015-04-20,69.62000274658203,68.91000366210938,69.26000213623047,69.2699966430664,291600.0,54.30785369873047
2015-04-21,70.31999969482422,69.66000366210938,69.95999908447266,69.70999908447266,283600.0,54.65282440185547
2015-04-22,70.0,69.31999969482422,69.8499984741211,69.48999786376953,149800.0,54.4803352355957
2015-04-23,70.7699966430664,69.47000122070312,69.62000274658203,70.44999694824219,137300.0,55.23298263549805
2015-04-24,70.97000122070312,70.41000366210938,70.79000091552734,70.72000122070312,305200.0,55.444664001464844
2015-04-27,71.47000122070312,70.91999816894531,71.01000213623047,71.02999877929688,287100.0,55.687705993652344
2015-04-28,73.08000183105469,71.73999786376953,71.73999786376953,72.58999633789062,469600.0,56.91075134277344
2015-04-29,72.55999755859375,71.47000122070312,71.91000366210938,71.83000183105469,322500.0,56.31491470336914
2015-04-30,71.19000244140625,70.55000305175781,71.19000244140625,70.69000244140625,503500.0,55.421146392822266
2015-05-01,71.44000244140625,69.93000030517578,70.76000213623047,70.62000274658203,302600.0,55.366275787353516
2015-05-04,70.11000061035156,69.7300033569336,69.9800033569336,69.80000305175781,449000.0,54.72339630126953
2015-05-05,70.72000122070312,69.8499984741211,70.44000244140625,69.98999786376953,1012000.0,54.87234115600586
2015-05-06,69.55999755859375,68.72000122070312,69.55999755859375,68.87000274658203,545600.0,53.9942626953125
2015-05-07,68.29000091552734,67.83000183105469,68.19000244140625,68.05999755859375,456800.0,53.35921859741211
2015-05-08,69.4800033569336,68.73999786376953,68.73999786376953,69.04000091552734,347500.0,54.12753677368164
2015-05-11,69.22000122070312,67.79000091552734,68.69000244140625,67.95999908447266,204000.0,53.28081512451172
2015-05-12,68.23999786376953,67.25,67.44999694824219,67.94000244140625,241600.0,53.26514434814453
2015-05-13,69.86000061035156,68.56999969482422,68.56999969482422,69.08000183105469,318700.0,54.15890121459961
2015-05-14,69.80000305175781,69.31999969482422,69.52999877929688,69.61000061035156,322400.0,54.574424743652344
2015-05-15,70.16999816894531,69.48999786376953,69.58999633789062,70.12000274658203,221600.0,54.974273681640625
2015-05-18,70.0199966430664,69.41999816894531,69.66000366210938,69.52999877929688,247500.0,54.51169967651367
2015-05-19,69.63999938964844,69.11000061035156,69.18000030517578,69.45999908447266,285300.0,54.456817626953125
2015-05-20,70.05000305175781,69.19999694824219,69.38999938964844,69.7699966430664,276800.0,54.69986343383789
2015-05-21,69.7300033569336,69.06999969482422,69.36000061035156,69.5999984741211,169100.0,54.56657409667969
2015-05-22,69.52999877929688,68.94000244140625,69.27999877929688,69.11000061035156,314600.0,54.18241882324219
2015-05-26,67.20999908447266,66.0999984741211,66.94000244140625,66.36000061035156,773800.0,52.02640914916992
2015-05-27,66.62999725341797,65.30999755859375,65.69999694824219,66.58000183105469,560000.0,52.19889450073242
2015-05-28,66.02999877929688,65.37999725341797,65.91999816894531,65.95999908447266,299200.0,51.71281433105469
2015-05-29,65.30999755859375,64.80999755859375,65.30999755859375,65.01000213623047,533500.0,50.96800994873047
2015-06-01,64.72000122070312,63.900001525878906,64.72000122070312,64.1500015258789,628500.0,50.29376983642578
2015-06-02,64.77999877929688,63.790000915527344,63.959999084472656,64.37000274658203,740800.0,50.466251373291016
2015-06-03,63.540000915527344,62.939998626708984,63.20000076293945,62.959999084472656,450900.0,49.36080551147461
2015-06-04,62.84000015258789,61.70000076293945,62.560001373291016,61.779998779296875,454500.0,48.43568420410156
2015-06-05,62.130001068115234,61.220001220703125,61.439998626708984,61.66999816894531,391300.0,48.34944152832031
2015-06-08,62.349998474121094,61.72999954223633,62.22999954223633,62.13999938964844,242500.0,48.71792221069336
2015-06-09,62.720001220703125,61.869998931884766,62.5099983215332,61.970001220703125,218200.0,48.58464431762695
2015-06-10,64.12000274658203,63.439998626708984,63.630001068115234,63.970001220703125,427600.0,50.15264892578125
2015-06-11,63.959999084472656,63.150001525878906,63.959999084472656,63.56999969482422,236800.0,49.839046478271484
2015-06-12,63.77000045776367,63.13999938964844,63.52000045776367,63.650001525878906,387100.0,49.90176773071289
2015-06-15,63.02000045776367,62.540000915527344,63.02000045776367,62.81999969482422,200600.0,49.25104522705078
2015-06-16,63.119998931884766,62.4900016784668,62.93000030517578,62.91999816894531,257500.0,49.32944107055664
2015-06-17,64.12999725341797,62.29999923706055,62.709999084472656,63.7599983215332,300700.0,49.988006591796875
2015-06-18,65.01000213623047,64.20999908447266,64.38999938964844,64.27999877929688,550600.0,50.395687103271484
2015-06-19,64.91999816894531,64.25,64.30999755859375,64.30000305175781,436300.0,50.411373138427734
2015-06-22,65.9000015258789,64.94000244140625,64.94000244140625,65.44999694824219,218300.0,51.31296157836914
2015-06-23,66.20999908447266,65.62999725341797,65.73999786376953,66.16000366210938,344200.0,51.8696174621582
2015-06-24,66.66000366210938,66.05999755859375,66.27999877929688,66.08000183105469,234600.0,51.80690002441406
2015-06-25,67.22000122070312,66.58000183105469,67.01000213623047,66.75,371400.0,52.78832244873047
2015-06-26,66.08999633789062,65.44999694824219,66.08999633789062,65.5,368500.0,51.799774169921875
2015-06-29,64.44000244140625,63.540000915527344,64.41000366210938,63.75,443300.0,50.41581726074219
2015-06-30,65.97000122070312,65.27999877929688,65.97000122070312,65.44000244140625,494700.0,51.752323150634766
2015-07-01,65.5199966430664,64.68000030517578,65.30999755859375,65.08000183105469,358000.0,51.467628479003906
2015-07-02,66.05999755859375,65.41000366210938,65.58999633789062,65.6500015258789,426900.0,51.918399810791016
2015-07-06,63.45000076293945,62.75,63.31999969482422,63.0099983215332,484100.0,49.83059310913086
2015-07-07,62.459999084472656,60.689998626708984,62.380001068115234,61.810001373291016,745500.0,48.881587982177734
2015-07-08,61.150001525878906,60.41999816894531,60.900001525878906,60.4900016784668,1379500.0,47.83768844604492
2015-07-09,63.150001525878906,62.5,62.91999816894531,62.540000915527344,487100.0,49.458900451660156
2015-07-10,64.08000183105469,63.36000061035156,63.70000076293945,63.75,440300.0,50.41581726074219
2015-07-13,64.66000366210938,63.560001373291016,63.56999969482422,64.38999938964844,471100.0,50.92195129394531
2015-07-14,64.80999755859375,64.23999786376953,64.37000274658203,64.72000122070312,286100.0,51.182926177978516
2015-07-15,64.6500015258789,64.1500015258789,64.36000061035156,64.25,270800.0,50.81122970581055
2015-07-16,65.19999694824219,64.66999816894531,64.66999816894531,65.04000091552734,474600.0,51.43599319458008
2015-07-17,65.38999938964844,65.06999969482422,65.31999969482422,65.1500015258789,711200.0,51.52298355102539
2015-07-20,65.3499984741211,64.69000244140625,64.93000030517578,65.19999694824219,378700.0,51.56251907348633
2015-07-21,65.69000244140625,64.94000244140625,65.0999984741211,65.2699966430664,269200.0,51.61787796020508
2015-07-22,64.33000183105469,63.5099983215332,64.23999786376953,63.63999938964844,261500.0,50.328819274902344
2015-07-23,64.36000061035156,63.529998779296875,64.19000244140625,63.59000015258789,227700.0,50.28927993774414
2015-07-24,62.18000030517578,61.43000030517578,61.650001525878906,61.75,718500.0,48.834144592285156
2015-07-27,62.0,61.380001068115234,61.86000061035156,61.529998779296875,441800.0,48.66015625
2015-07-28,61.470001220703125,60.790000915527344,61.369998931884766,61.15999984741211,466800.0,48.36754608154297
2015-07-29,62.689998626708984,61.29999923706055,61.529998779296875,62.06999969482422,542700.0,49.08720397949219
2015-07-30,61.310001373291016,60.720001220703125,60.939998626708984,61.16999816894531,302800.0,48.375457763671875
2015-07-31,62.5,61.779998779296875,61.779998779296875,62.279998779296875,946000.0,49.25327682495117
2015-08-03,61.65999984741211,60.59000015258789,61.65999984741211,60.93000030517578,530000.0,48.18565368652344
2015-08-04,62.869998931884766,61.529998779296875,61.529998779296875,62.08000183105469,441900.0,49.095115661621094
2015-08-05,62.45000076293945,61.439998626708984,62.119998931884766,61.599998474121094,273700.0,48.715511322021484
2015-08-06,62.029998779296875,61.45000076293945,61.790000915527344,61.900001525878906,363100.0,48.9527702331543
2015-08-07,62.209999084472656,61.52000045776367,61.52000045776367,61.72999954223633,302900.0,48.818321228027344
2015-08-10,62.84000015258789,61.5,61.650001525878906,62.689998626708984,354200.0,49.5775260925293
2015-08-11,62.09000015258789,61.04999923706055,62.06999969482422,61.77000045776367,935700.0,48.849952697753906
2015-08-12,60.84000015258789,59.2400016784668,60.84000015258789,59.88999938964844,736500.0,47.363182067871094
2015-08-13,60.619998931884766,59.7599983215332,60.15999984741211,60.310001373291016,607200.0,47.695335388183594
2015-08-14,59.93000030517578,59.27000045776367,59.709999084472656,59.349998474121094,265100.0,46.93613052368164
2015-08-17,59.040000915527344,58.52000045776367,58.7599983215332,58.75,344300.0,46.46163558959961
2015-08-18,58.91999816894531,58.20000076293945,58.36000061035156,58.849998474121094,425900.0,46.54071044921875
2015-08-19,59.06999969482422,57.560001373291016,58.290000915527344,58.290000915527344,761600.0,46.09785079956055
2015-08-20,57.88999938964844,56.83000183105469,57.619998931884766,57.25,507200.0,45.2753791809082
2015-08-21,56.93000030517578,55.54999923706055,56.66999816894531,55.54999923706055,556400.0,43.93095779418945
2015-08-24,56.08000183105469,51.939998626708984,52.54999923706055,54.47999954223633,1911600.0,43.08475875854492
2015-08-25,58.2400016784668,54.779998779296875,58.16999816894531,55.0,1035800.0,43.49599838256836
2015-08-26,57.529998779296875,55.40999984741211,56.5,57.310001373291016,1209200.0,45.32283020019531
2015-08-27,58.11000061035156,56.70000076293945,56.7400016784668,58.06999969482422,1084100.0,45.923866271972656
2015-08-28,57.68000030517578,56.72999954223633,57.4900016784668,57.15999984741211,966700.0,45.204200744628906
2015-08-31,57.709999084472656,56.540000915527344,56.959999084472656,57.5,1326300.0,45.47308349609375
2015-09-01,55.619998931884766,53.9900016784668,55.459999084472656,54.2599983215332,935300.0,42.91077423095703
2015-09-02,56.119998931884766,55.209999084472656,55.93000030517578,56.119998931884766,747400.0,44.38172912597656
2015-09-03,56.5,55.619998931884766,55.84000015258789,55.72999954223633,656900.0,44.073307037353516
2015-09-04,55.18000030517578,52.75,55.18000030517578,53.09000015258789,753800.0,41.98550033569336
2015-09-08,54.630001068115234,53.709999084472656,53.9900016784668,54.619998931884766,735800.0,43.195472717285156
2015-09-09,54.9900016784668,53.04999923706055,54.650001525878906,53.11000061035156,588600.0,42.001312255859375
2015-09-10,54.810001373291016,53.08000183105469,53.290000915527344,54.33000183105469,522300.0,42.96613693237305
2015-09-11,54.33000183105469,53.58000183105469,54.0099983215332,54.31999969482422,313500.0,42.958221435546875
2015-09-14,55.119998931884766,54.4900016784668,54.59000015258789,54.97999954223633,402300.0,43.48018264770508
2015-09-15,55.61000061035156,54.90999984741211,54.959999084472656,55.5,424900.0,43.891414642333984
2015-09-16,57.4900016784668,56.279998779296875,56.40999984741211,57.220001220703125,718000.0,45.25165557861328
2015-09-17,59.34000015258789,57.0,57.13999938964844,57.63999938964844,807800.0,45.58380126953125
2015-09-18,57.34000015258789,56.029998779296875,56.95000076293945,56.22999954223633,774200.0,44.46872329711914
2015-09-21,55.900001525878906,55.119998931884766,55.88999938964844,55.439998626708984,522900.0,43.843963623046875
2015-09-22,54.5099983215332,53.72999954223633,53.93000030517578,54.33000183105469,460900.0,42.96613693237305
2015-09-23,54.75,53.400001525878906,54.58000183105469,53.45000076293945,500000.0,42.27020263671875
2015-09-24,53.65999984741211,52.0,52.5,53.29999923706055,837800.0,42.151573181152344
2015-09-25,54.08000183105469,52.81999969482422,53.880001068115234,52.880001068115234,354100.0,41.819427490234375
2015-09-28,52.18000030517578,51.11000061035156,52.0099983215332,51.380001068115234,1075100.0,40.63317108154297
2015-09-29,52.650001525878906,51.81999969482422,52.439998626708984,52.06999969482422,757100.0,41.17884826660156
2015-09-30,53.869998931884766,53.18000030517578,53.25,53.68000030517578,637200.0,42.452091217041016
2015-10-01,54.959999084472656,53.939998626708984,54.59000015258789,54.209999084472656,420700.0,42.87123489379883
2015-10-02,56.650001525878906,53.849998474121094,53.91999816894531,56.61000061035156,860600.0,44.76924514770508
2015-10-05,58.099998474121094,57.15999984741211,57.15999984741211,58.08000183105469,582200.0,45.9317741394043
2015-10-06,58.150001525878906,57.34000015258789,57.79999923706055,57.83000183105469,475500.0,45.734066009521484
2015-10-07,59.52000045776367,58.4900016784668,58.810001373291016,59.0099983215332,999200.0,46.66724395751953
2015-10-08,60.220001220703125,58.70000076293945,58.869998931884766,60.13999938964844,342200.0,47.56089782714844
2015-10-09,60.380001068115234,59.369998931884766,60.02000045776367,59.63999938964844,437300.0,47.16547775268555
2015-10-12,59.880001068115234,59.2400016784668,59.86000061035156,59.369998931884766,266900.0,46.95195007324219
2015-10-13,58.84000015258789,57.59000015258789,57.869998931884766,57.7400016784668,336400.0,45.66288375854492
2015-10-14,59.5,58.650001525878906,58.83000183105469,59.369998931884766,546800.0,46.95195007324219
2015-10-15,60.959999084472656,59.869998931884766,60.16999816894531,60.900001525878906,399600.0,48.16193389892578
2015-10-16,61.13999938964844,60.349998474121094,60.66999816894531,61.11000061035156,516000.0,48.328006744384766
2015-10-19,60.22999954223633,59.650001525878906,60.150001525878906,59.84000015258789,348700.0,47.32364273071289
2015-10-20,59.75,59.130001068115234,59.43000030517578,59.459999084472656,195800.0,47.02312469482422
2015-10-21,59.02000045776367,57.95000076293945,58.91999816894531,57.9900016784668,472300.0,45.86060333251953
2015-10-22,59.790000915527344,59.130001068115234,59.290000915527344,59.47999954223633,389800.0,47.03894805908203
2015-10-23,59.66999816894531,59.029998779296875,59.4900016784668,59.47999954223633,980200.0,47.03894805908203
2015-10-26,59.900001525878906,58.90999984741211,59.900001525878906,59.060001373291016,578400.0,46.706790924072266
2015-10-27,58.52000045776367,57.86000061035156,58.02000045776367,58.34000015258789,370100.0,46.13739013671875
2015-10-28,59.40999984741211,57.15999984741211,59.20000076293945,57.77000045776367,873300.0,45.686607360839844
2015-10-29,57.20000076293945,56.540000915527344,56.720001220703125,56.630001068115234,545700.0,44.785057067871094
2015-10-30,58.52000045776367,56.959999084472656,57.41999816894531,56.959999084472656,448600.0,45.04603958129883
2015-11-02,58.439998626708984,57.459999084472656,57.66999816894531,58.349998474121094,440900.0,46.14529800415039
2015-11-03,58.97999954223633,57.25,57.2599983215332,58.79999923706055,771300.0,46.50117492675781
2015-11-04,58.41999816894531,57.099998474121094,58.29999923706055,57.31999969482422,764400.0,45.33073425292969
2015-11-05,58.040000915527344,57.369998931884766,57.7599983215332,57.810001373291016,468400.0,45.71824264526367
2015-11-06,56.599998474121094,55.720001220703125,56.099998474121094,56.470001220703125,895300.0,44.65852355957031
2015-11-09,55.720001220703125,54.56999969482422,55.619998931884766,54.720001220703125,969000.0,43.274559020996094
2015-11-10,54.75,54.29999923706055,54.54999923706055,54.619998931884766,584400.0,43.195472717285156
2015-11-11,55.119998931884766,54.619998931884766,55.09000015258789,54.93000030517578,295400.0,43.44063949584961
2015-11-12,54.380001068115234,53.54999923706055,53.880001068115234,53.70000076293945,432900.0,42.46791458129883
2015-11-13,52.91999816894531,52.02000045776367,52.91999816894531,52.130001068115234,607700.0,41.226295471191406
2015-11-16,54.08000183105469,52.939998626708984,53.06999969482422,53.9900016784668,485800.0,42.6972541809082
2015-11-17,54.900001525878906,54.29999923706055,54.86000061035156,54.40999984741211,381800.0,43.02940368652344
2015-11-18,55.400001525878906,54.029998779296875,54.209999084472656,54.95000076293945,499700.0,43.456459045410156
2015-11-19,56.15999984741211,55.560001373291016,55.72999954223633,56.06999969482422,1043000.0,44.34218978881836
2015-11-20,56.9900016784668,56.08000183105469,56.599998474121094,56.31999969482422,471000.0,44.53989791870117
2015-11-23,56.68000030517578,55.95000076293945,56.439998626708984,56.11000061035156,335500.0,44.37382507324219
2015-11-24,56.810001373291016,55.97999954223633,56.13999938964844,56.58000183105469,625700.0,44.74551773071289
2015-11-25,55.7599983215332,55.31999969482422,55.66999816894531,55.619998931884766,332800.0,43.9863166809082
2015-11-27,54.529998779296875,53.4900016784668,54.439998626708984,53.560001373291016,433400.0,42.35719299316406
2015-11-30,53.849998474121094,52.90999984741211,53.79999923706055,53.38999938964844,1393000.0,42.222747802734375
2015-12-01,53.08000183105469,52.599998474121094,52.81999969482422,52.939998626708984,735300.0,41.86687088012695
2015-12-02,52.93000030517578,52.25,52.7599983215332,52.349998474121094,551100.0,41.400272369384766
2015-12-03,52.439998626708984,51.130001068115234,52.439998626708984,51.18000030517578,689400.0,40.474998474121094
2015-12-04,50.970001220703125,49.93000030517578,50.09000015258789,50.84000015258789,1139300.0,40.206119537353516
2015-12-07,50.5,49.68000030517578,50.45000076293945,49.97999954223633,557000.0,39.5259895324707
2015-12-08,49.77000045776367,48.93000030517578,49.290000915527344,49.65999984741211,700900.0,39.27293395996094
2015-12-09,50.529998779296875,47.84000015258789,50.33000183105469,48.20000076293945,1168900.0,38.11830520629883
2015-12-10,46.97999954223633,45.31999969482422,46.83000183105469,45.45000076293945,1242900.0,35.943504333496094
2015-12-11,43.720001220703125,42.45000076293945,42.77000045776367,42.650001525878906,1114900.0,33.72916793823242
2015-12-14,46.5,45.20000076293945,45.900001525878906,46.439998626708984,1178000.0,36.72643280029297
2015-12-15,47.84000015258789,47.150001525878906,47.2400016784668,47.59000015258789,763300.0,37.63589859008789
2015-12-16,49.06999969482422,47.290000915527344,47.45000076293945,48.33000183105469,627900.0,38.22111129760742
2015-12-17,48.63999938964844,47.779998779296875,48.31999969482422,47.779998779296875,646800.0,37.78615951538086
2015-12-18,48.20000076293945,47.5,47.939998626708984,47.58000183105469,757000.0,37.627994537353516
2015-12-21,47.689998626708984,46.9900016784668,47.45000076293945,47.40999984741211,403000.0,38.16982650756836
2015-12-22,48.31999969482422,47.650001525878906,47.77000045776367,48.20000076293945,410400.0,38.80584716796875
2015-12-23,49.029998779296875,48.650001525878906,48.68000030517578,48.9900016784668,368800.0,39.44188690185547
2015-12-24,49.18000030517578,48.779998779296875,48.880001068115234,48.900001525878906,55300.0,39.369422912597656
2015-12-28,48.77000045776367,48.279998779296875,48.40999984741211,48.619998931884766,817300.0,39.14399719238281
2015-12-29,48.560001373291016,48.119998931884766,48.31999969482422,48.16999816894531,251500.0,38.78169631958008
2015-12-30,47.5099983215332,46.84000015258789,47.29999923706055,46.90999984741211,498600.0,37.767269134521484
2015-12-31,47.09000015258789,46.630001068115234,46.68000030517578,46.709999084472656,285400.0,37.60625076293945
2016-01-04,45.630001068115234,44.81999969482422,45.400001525878906,45.61000061035156,786900.0,36.72064208984375
2016-01-05,46.02000045776367,45.54999923706055,45.81999969482422,45.77000045776367,378000.0,36.84946060180664
2016-01-06,44.849998474121094,44.20000076293945,44.470001220703125,44.380001068115234,525700.0,35.730369567871094
2016-01-07,43.150001525878906,42.09000015258789,42.66999816894531,42.13999938964844,863100.0,33.92694854736328
2016-01-08,42.41999816894531,41.150001525878906,42.34000015258789,41.27000045776367,832000.0,33.22650909423828
2016-01-11,41.279998779296875,39.63999938964844,41.13999938964844,40.2599983215332,653000.0,32.413352966308594
2016-01-12,41.779998779296875,40.31999969482422,41.529998779296875,40.91999816894531,821200.0,32.94471740722656
2016-01-13,42.29999923706055,40.689998626708984,42.15999984741211,40.779998779296875,774500.0,32.83200454711914
2016-01-14,41.540000915527344,40.40999984741211,40.95000076293945,41.27000045776367,608600.0,33.22650909423828
2016-01-15,39.43000030517578,38.41999816894531,39.209999084472656,39.09000015258789,756500.0,31.471385955810547
2016-01-19,40.18000030517578,39.310001373291016,39.90999984741211,39.61000061035156,737000.0,31.890039443969727
2016-01-20,39.220001220703125,37.81999969482422,38.83000183105469,38.869998931884766,963100.0,31.294261932373047
2016-01-21,40.20000076293945,38.65999984741211,38.97999954223633,39.38999938964844,840400.0,31.71291160583496
2016-01-22,41.209999084472656,40.61000061035156,40.90999984741211,41.130001068115234,1279600.0,33.113792419433594
2016-01-25,40.900001525878906,40.029998779296875,40.68000030517578,40.060001373291016,463700.0,32.25233459472656
2016-01-26,41.7599983215332,40.97999954223633,41.02000045776367,41.689998626708984,661700.0,33.56465148925781
2016-01-27,42.31999969482422,41.220001220703125,41.61000061035156,41.560001373291016,819700.0,33.459983825683594
2016-01-28,43.52000045776367,42.810001373291016,43.29999923706055,43.130001068115234,838600.0,34.72399139404297
2016-01-29,45.95000076293945,44.41999816894531,44.54999923706055,45.83000183105469,1138400.0,36.89776611328125
2016-02-01,45.11000061035156,43.93000030517578,44.0099983215332,44.93000030517578,539600.0,36.17317199707031
2016-02-02,43.060001373291016,42.20000076293945,42.91999816894531,42.310001373291016,971300.0,34.06381607055664
2016-02-03,44.5099983215332,42.290000915527344,43.22999954223633,44.38999938964844,1159300.0,35.73841857910156
2016-02-04,45.93000030517578,44.849998474121094,45.43000030517578,45.13999938964844,733800.0,36.34224319458008
2016-02-05,45.36000061035156,44.58000183105469,45.25,44.79999923706055,520500.0,36.06850814819336
2016-02-08,44.41999816894531,43.400001525878906,43.970001220703125,44.119998931884766,656100.0,35.52104568481445
2016-02-09,43.58000183105469,42.4900016784668,42.7400016784668,42.93000030517578,742700.0,34.56297302246094
2016-02-10,44.38999938964844,43.33000183105469,43.66999816894531,43.36000061035156,674800.0,34.90917205810547
2016-02-11,43.90999984741211,42.66999816894531,43.27000045776367,43.130001068115234,589100.0,34.72399139404297
2016-02-12,44.540000915527344,43.79999923706055,43.79999923706055,44.470001220703125,503100.0,35.80282974243164
2016-02-16,46.060001373291016,45.209999084472656,45.619998931884766,45.790000915527344,618700.0,36.865562438964844
2016-02-17,47.31999969482422,46.2400016784668,46.380001068115234,47.08000183105469,792700.0,37.904144287109375
2016-02-18,47.93000030517578,47.209999084472656,47.529998779296875,47.31999969482422,798000.0,38.09736633300781
2016-02-19,46.540000915527344,45.77000045776367,45.77000045776367,46.150001525878906,789300.0,37.1553955078125
2016-02-22,47.220001220703125,46.68000030517578,46.689998626708984,47.150001525878906,528200.0,37.96049880981445
2016-02-23,46.560001373291016,45.7599983215332,46.38999938964844,45.86000061035156,747700.0,36.92192077636719
2016-02-24,45.5099983215332,44.189998626708984,44.61000061035156,45.27000045776367,744400.0,36.44690704345703
2016-02-25,45.68000030517578,44.86000061035156,45.369998931884766,45.61000061035156,580800.0,36.72064208984375
2016-02-26,45.36000061035156,43.81999969482422,45.290000915527344,43.970001220703125,855400.0,35.4002799987793
2016-02-29,45.529998779296875,44.56999969482422,44.72999954223633,44.79999923706055,552000.0,36.06850814819336
2016-03-01,47.619998931884766,46.34000015258789,46.36000061035156,47.40999984741211,671800.0,38.16982650756836
2016-03-02,48.38999938964844,47.150001525878906,47.150001525878906,48.33000183105469,1087600.0,38.9105110168457
2016-03-03,48.90999984741211,47.75,47.849998474121094,48.7400016784668,568300.0,39.24060821533203
2016-03-04,50.2599983215332,48.47999954223633,48.59000015258789,49.66999816894531,724000.0,39.98934555053711
2016-03-07,50.84000015258789,49.66999816894531,49.66999816894531,50.439998626708984,543700.0,40.60927963256836
2016-03-08,49.7400016784668,49.02000045776367,49.599998474121094,49.40999984741211,737900.0,39.780025482177734
2016-03-09,49.880001068115234,48.540000915527344,48.650001525878906,49.400001525878906,543600.0,39.77197265625
2016-03-10,49.25,47.83000183105469,49.25,48.77000045776367,1132100.0,39.26476287841797
2016-03-11,49.810001373291016,49.20000076293945,49.310001373291016,49.75,382900.0,40.05376052856445
2016-03-14,49.470001220703125,48.61000061035156,49.369998931884766,48.77000045776367,456300.0,39.26476287841797
2016-03-15,47.619998931884766,46.91999816894531,47.40999984741211,47.619998931884766,507700.0,38.33889389038086
2016-03-16,49.58000183105469,46.720001220703125,46.849998474121094,49.36000061035156,1233500.0,39.739768981933594
2016-03-17,51.9900016784668,50.7400016784668,51.150001525878906,51.38999938964844,1098400.0,41.374122619628906
2016-03-18,52.29999923706055,51.61000061035156,51.72999954223633,52.0099983215332,1359700.0,41.873287200927734
2016-03-21,52.61000061035156,51.86000061035156,51.93000030517578,52.36000061035156,543500.0,42.15507507324219
2016-03-22,52.709999084472656,51.40999984741211,51.59000015258789,52.5099983215332,673500.0,42.27583694458008
2016-03-23,51.349998474121094,50.529998779296875,50.810001373291016,50.97999954223633,673700.0,41.04403305053711
2016-03-24,50.52000045776367,49.470001220703125,49.83000183105469,50.5099983215332,595600.0,40.6656379699707
2016-03-28,50.970001220703125,50.119998931884766,50.59000015258789,50.59000015258789,303000.0,40.730045318603516
2016-03-29,51.70000076293945,49.59000015258789,49.86000061035156,51.65999984741211,733200.0,41.59150314331055
2016-03-30,53.09000015258789,52.189998626708984,52.4900016784668,52.40999984741211,1104800.0,42.19532775878906
2016-03-31,53.72999954223633,52.849998474121094,53.4900016784668,53.0099983215332,919400.0,42.678382873535156
2016-04-01,53.18000030517578,51.529998779296875,51.810001373291016,52.869998931884766,1012000.0,42.565670013427734
2016-04-04,53.380001068115234,52.540000915527344,53.380001068115234,52.58000183105469,312800.0,42.332191467285156
2016-04-05,51.40999984741211,50.59000015258789,50.959999084472656,50.7599983215332,636700.0,40.86690902709961
2016-04-06,51.09000015258789,49.849998474121094,50.2599983215332,51.09000015258789,659200.0,41.132591247558594
2016-04-07,50.47999954223633,49.65999984741211,50.369998931884766,49.88999938964844,393600.0,40.166473388671875
2016-04-08,51.779998779296875,51.130001068115234,51.31999969482422,51.36000061035156,580600.0,41.34996795654297
2016-04-11,52.810001373291016,52.2400016784668,52.470001220703125,52.290000915527344,632900.0,42.09871292114258
2016-04-12,53.86000061035156,52.709999084472656,52.9900016784668,53.61000061035156,604800.0,43.16144943237305
2016-04-13,54.91999816894531,54.27000045776367,54.54999923706055,54.81999969482422,761800.0,44.135616302490234
2016-04-14,55.0099983215332,54.33000183105469,54.790000915527344,54.45000076293945,340400.0,43.837730407714844
2016-04-15,54.54999923706055,54.0099983215332,54.099998474121094,54.279998779296875,539900.0,43.70086669921875
2016-04-18,55.119998931884766,53.86000061035156,54.189998626708984,54.86000061035156,542100.0,44.16782760620117
2016-04-19,56.310001373291016,55.43000030517578,55.720001220703125,56.099998474121094,732700.0,45.166141510009766
2016-04-20,57.06999969482422,55.900001525878906,56.029998779296875,56.66999816894531,1138200.0,45.62505340576172
2016-04-21,56.11000061035156,55.47999954223633,55.97999954223633,55.7599983215332,493900.0,44.89241027832031
2016-04-22,55.06999969482422,54.4900016784668,54.72999954223633,54.72999954223633,503700.0,44.06315612792969
2016-04-25,54.58000183105469,54.040000915527344,54.41999816894531,54.41999816894531,255900.0,43.81357955932617
2016-04-26,55.22999954223633,54.560001373291016,54.91999816894531,55.11000061035156,523000.0,44.36909866333008
2016-04-27,55.619998931884766,54.040000915527344,54.970001220703125,55.459999084472656,327000.0,44.65088653564453
2016-04-28,56.0,55.189998626708984,55.209999084472656,55.439998626708984,468200.0,44.63478469848633
2016-04-29,55.959999084472656,55.09000015258789,55.81999969482422,55.70000076293945,1003400.0,44.84410858154297
2016-05-02,55.900001525878906,54.939998626708984,55.63999938964844,55.2599983215332,554400.0,44.4898681640625
2016-05-03,53.209999084472656,51.9900016784668,53.209999084472656,52.08000183105469,1014700.0,41.92964553833008
2016-05-04,51.630001068115234,50.0099983215332,51.47999954223633,50.130001068115234,1021100.0,40.35969543457031
2016-05-05,51.099998474121094,50.2599983215332,50.959999084472656,50.369998931884766,784400.0,40.55291748046875
2016-05-06,51.099998474121094,50.43000030517578,50.61000061035156,50.75,471200.0,40.85886001586914
2016-05-09,50.11000061035156,49.0,49.97999954223633,49.060001373291016,856500.0,39.49824142456055
2016-05-10,50.34000015258789,49.68000030517578,49.939998626708984,50.22999954223633,658300.0,40.440208435058594
2016-05-11,51.029998779296875,50.529998779296875,50.83000183105469,50.599998474121094,519800.0,40.73809814453125
2016-05-12,50.90999984741211,49.970001220703125,50.90999984741211,50.16999816894531,532400.0,40.39189910888672
2016-05-13,49.880001068115234,48.790000915527344,49.650001525878906,48.869998931884766,1162800.0,39.34526824951172
2016-05-16,48.90999984741211,48.290000915527344,48.290000915527344,48.72999954223633,698400.0,39.2325553894043
2016-05-17,49.029998779296875,48.13999938964844,48.38999938964844,48.47999954223633,532000.0,39.031280517578125
2016-05-18,48.689998626708984,47.310001373291016,47.810001373291016,47.72999954223633,977100.0,38.42745590209961
2016-05-19,48.040000915527344,47.27000045776367,47.560001373291016,47.81999969482422,806300.0,38.49991226196289
2016-05-20,49.13999938964844,48.599998474121094,48.75,48.93000030517578,474400.0,39.39358139038086
2016-05-23,49.11000061035156,48.380001068115234,48.52000045776367,48.77000045776367,547100.0,39.26476287841797
2016-05-24,49.900001525878906,49.369998931884766,49.43000030517578,49.560001373291016,856400.0,39.900787353515625
2016-05-25,50.31999969482422,49.7599983215332,49.81999969482422,50.119998931884766,698700.0,40.35164260864258
2016-05-26,51.369998931884766,50.5,51.150001525878906,51.22999954223633,491100.0,41.24530792236328
2016-05-27,51.040000915527344,50.34000015258789,50.880001068115234,50.40999984741211,394600.0,40.58512496948242
2016-05-31,50.66999816894531,49.939998626708984,50.459999084472656,50.2599983215332,991200.0,40.464359283447266
2016-06-01,51.27000045776367,50.52000045776367,50.630001068115234,50.95000076293945,708200.0,41.01987838745117
2016-06-02,51.880001068115234,50.970001220703125,51.06999969482422,51.779998779296875,1282300.0,41.6881217956543
2016-06-03,54.2400016784668,52.81999969482422,53.0099983215332,54.189998626708984,707300.0,43.6284065246582
2016-06-06,54.459999084472656,53.630001068115234,53.70000076293945,54.40999984741211,588200.0,43.8055305480957
2016-06-07,54.709999084472656,54.2599983215332,54.290000915527344,54.400001525878906,954500.0,43.797481536865234
2016-06-08,54.93000030517578,54.290000915527344,54.650001525878906,54.61000061035156,552300.0,43.96654510498047
2016-06-09,54.08000183105469,53.38999938964844,53.529998779296875,54.0,398000.0,43.47543716430664
2016-06-10,52.88999938964844,51.869998931884766,52.630001068115234,52.13999938964844,455300.0,41.97795486450195
2016-06-13,52.43000030517578,51.220001220703125,52.060001373291016,51.279998779296875,517500.0,41.285560607910156
2016-06-14,50.470001220703125,49.619998931884766,50.31999969482422,50.13999938964844,761900.0,40.36774444580078
2016-06-15,51.369998931884766,50.209999084472656,50.209999084472656,50.83000183105469,555700.0,40.92326736450195
2016-06-16,50.63999938964844,49.0,49.70000076293945,50.41999816894531,773700.0,40.593177795410156
2016-06-17,51.310001373291016,50.52000045776367,50.81999969482422,51.290000915527344,619800.0,41.29361343383789
2016-06-20,53.290000915527344,52.529998779296875,52.529998779296875,52.88999938964844,429800.0,42.5817756652832
2016-06-21,53.779998779296875,52.959999084472656,53.220001220703125,53.650001525878906,470900.0,43.19365692138672
2016-06-22,53.130001068115234,52.459999084472656,52.790000915527344,52.68000030517578,803600.0,43.71561813354492
2016-06-23,54.790000915527344,53.33000183105469,53.54999923706055,54.720001220703125,1425200.0,45.408477783203125
2016-06-24,50.95000076293945,49.209999084472656,49.79999923706055,49.25,1200100.0,40.86928939819336
2016-06-27,47.95000076293945,46.650001525878906,47.939998626708984,47.189998626708984,957200.0,39.15983581542969
2016-06-28,49.619998931884766,48.54999923706055,49.27000045776367,49.11000061035156,686400.0,40.753116607666016
2016-06-29,51.650001525878906,50.65999984741211,50.689998626708984,51.650001525878906,697300.0,42.86088562011719
2016-06-30,53.09000015258789,52.29999923706055,52.41999816894531,52.88999938964844,826000.0,43.8898811340332
2016-07-01,53.400001525878906,52.77000045776367,52.93000030517578,53.09000015258789,610100.0,44.05584716796875
2016-07-05,51.65999984741211,51.0099983215332,51.63999938964844,51.130001068115234,512300.0,42.42937469482422
2016-07-06,51.08000183105469,49.970001220703125,50.369998931884766,50.97999954223633,470800.0,42.304901123046875
2016-07-07,51.36000061035156,50.150001525878906,51.18000030517578,50.41999816894531,526500.0,41.84019470214844
2016-07-08,52.369998931884766,51.380001068115234,51.61000061035156,52.220001220703125,474000.0,43.33389663696289
2016-07-11,53.689998626708984,53.040000915527344,53.040000915527344,53.369998931884766,472600.0,44.28820037841797
2016-07-12,54.689998626708984,54.02000045776367,54.220001220703125,54.40999984741211,464000.0,45.15122985839844
2016-07-13,54.40999984741211,53.36000061035156,54.40999984741211,53.790000915527344,554100.0,44.63673400878906
2016-07-14,55.099998474121094,54.380001068115234,54.5,54.880001068115234,506400.0,45.541255950927734
2016-07-15,55.16999816894531,54.70000076293945,54.75,55.040000915527344,586700.0,45.67402648925781
2016-07-18,55.81999969482422,54.7400016784668,54.970001220703125,55.79999923706055,251000.0,46.3046989440918
2016-07-19,55.29999923706055,54.65999984741211,54.88999938964844,55.25,243100.0,45.848289489746094
2016-07-20,55.79999923706055,55.220001220703125,55.25,55.61000061035156,243800.0,46.14703369140625
2016-07-21,56.220001220703125,55.52000045776367,55.599998474121094,55.810001373291016,349400.0,46.312992095947266
2016-07-22,56.310001373291016,55.63999938964844,55.97999954223633,56.27000045776367,169600.0,46.6947135925293
2016-07-25,56.349998474121094,55.630001068115234,56.33000183105469,55.9900016784668,677900.0,46.462364196777344
2016-07-26,56.650001525878906,56.13999938964844,56.36000061035156,56.560001373291016,372400.0,46.93537521362305
2016-07-27,57.619998931884766,56.150001525878906,56.81999969482422,57.279998779296875,303300.0,47.5328483581543
2016-07-28,57.349998474121094,56.279998779296875,56.7400016784668,57.220001220703125,242400.0,47.48305892944336
2016-07-29,57.95000076293945,57.130001068115234,57.220001220703125,57.77000045776367,393200.0,47.9394645690918
2016-08-01,57.7400016784668,57.209999084472656,57.349998474121094,57.349998474121094,468200.0,47.590938568115234
2016-08-02,56.90999984741211,55.939998626708984,56.79999923706055,56.43000030517578,666900.0,46.827491760253906
2016-08-03,57.25,56.04999923706055,56.06999969482422,57.119998931884766,285600.0,47.40007400512695
2016-08-04,58.27000045776367,57.470001220703125,57.810001373291016,57.81999969482422,453900.0,47.980960845947266
2016-08-05,57.77000045776367,56.93000030517578,57.310001373291016,57.77000045776367,734000.0,47.9394645690918
2016-08-08,58.5,58.040000915527344,58.040000915527344,58.41999816894531,319000.0,48.478858947753906
2016-08-09,59.4900016784668,58.70000076293945,58.77000045776367,59.18000030517578,345200.0,49.10953140258789
2016-08-10,60.029998779296875,59.27000045776367,59.81999969482422,59.540000915527344,621900.0,49.40827178955078
2016-08-11,60.150001525878906,59.380001068115234,59.52000045776367,59.86000061035156,494100.0,49.673824310302734
2016-08-12,60.31999969482422,59.279998779296875,60.06999969482422,59.630001068115234,541800.0,49.48295974731445
2016-08-15,60.34000015258789,59.810001373291016,59.810001373291016,59.97999954223633,312500.0,49.773399353027344
2016-08-16,59.81999969482422,59.06999969482422,59.70000076293945,59.11000061035156,451600.0,49.05144500732422
2016-08-17,59.63999938964844,58.220001220703125,59.2400016784668,59.29999923706055,540500.0,49.209110260009766
2016-08-18,60.54999923706055,59.900001525878906,60.150001525878906,60.31999969482422,342400.0,50.0555419921875
2016-08-19,59.77000045776367,59.08000183105469,59.45000076293945,59.61000061035156,344700.0,49.46636199951172
2016-08-22,59.060001373291016,58.560001373291016,58.869998931884766,58.86000061035156,395600.0,48.84398651123047
2016-08-23,59.7599983215332,56.61000061035156,59.560001373291016,56.63999938964844,879000.0,47.00175476074219
2016-08-24,56.93000030517578,56.25,56.5,56.88999938964844,847500.0,47.2092170715332
2016-08-25,56.279998779296875,55.720001220703125,56.150001525878906,56.150001525878906,461700.0,46.59514236450195
2016-08-26,57.290000915527344,54.66999816894531,56.59000015258789,55.02000045776367,1264200.0,45.657432556152344
2016-08-29,55.63999938964844,54.849998474121094,54.970001220703125,55.470001220703125,334300.0,46.030853271484375
2016-08-30,55.040000915527344,54.56999969482422,54.81999969482422,54.72999954223633,426800.0,45.41677474975586
2016-08-31,53.380001068115234,52.41999816894531,53.2599983215332,52.529998779296875,830000.0,43.59114074707031
2016-09-01,53.310001373291016,52.38999938964844,52.540000915527344,53.27000045776367,619700.0,44.20521545410156
2016-09-02,55.060001373291016,54.2599983215332,54.599998474121094,54.959999084472656,904400.0,45.60763931274414
2016-09-06,57.58000183105469,56.279998779296875,56.279998779296875,57.45000076293945,751400.0,47.673919677734375
2016-09-07,57.119998931884766,56.59000015258789,57.040000915527344,56.84000015258789,322000.0,47.167728424072266
2016-09-08,57.33000183105469,56.0,57.060001373291016,56.18000030517578,578600.0,46.620033264160156
2016-09-09,55.11000061035156,53.86000061035156,55.11000061035156,53.91999816894531,938500.0,44.74460220336914
2016-09-12,55.369998931884766,53.09000015258789,53.22999954223633,55.13999938964844,639400.0,45.75699996948242
2016-09-13,54.16999816894531,53.15999984741211,54.06999969482422,53.54999923706055,842100.0,44.43757247924805
2016-09-14,54.810001373291016,53.849998474121094,54.0099983215332,54.189998626708984,606400.0,44.968666076660156
2016-09-15,55.38999938964844,54.470001220703125,55.029998779296875,55.060001373291016,497400.0,45.69062042236328
2016-09-16,54.630001068115234,53.869998931884766,54.459999084472656,54.45000076293945,600200.0,45.184417724609375
2016-09-19,55.61000061035156,55.06999969482422,55.349998474121094,55.25,406400.0,45.848289489746094
2016-09-20,55.61000061035156,54.540000915527344,55.59000015258789,54.61000061035156,322400.0,45.31718826293945
2016-09-21,56.75,54.939998626708984,54.959999084472656,56.63999938964844,451000.0,47.00175476074219
2016-09-22,57.83000183105469,56.56999969482422,57.439998626708984,56.810001373291016,584400.0,47.142826080322266
2016-09-23,56.84000015258789,56.2400016784668,56.709999084472656,56.31999969482422,270200.0,46.736209869384766
2016-09-26,56.380001068115234,55.439998626708984,56.02000045776367,55.470001220703125,536300.0,46.030853271484375
2016-09-27,56.630001068115234,55.88999938964844,56.13999938964844,56.59000015258789,396100.0,46.960262298583984
2016-09-28,57.279998779296875,56.0,56.470001220703125,57.189998626708984,509100.0,47.45816421508789
2016-09-29,56.88999938964844,54.959999084472656,56.720001220703125,55.2599983215332,767600.0,45.856590270996094
2016-09-30,56.29999923706055,55.70000076293945,55.9900016784668,56.06999969482422,541300.0,46.528751373291016
2016-10-03,56.40999984741211,55.61000061035156,56.25,56.20000076293945,417800.0,46.63663101196289
2016-10-04,56.41999816894531,54.689998626708984,56.34000015258789,54.849998474121094,810100.0,45.516353607177734
2016-10-05,56.11000061035156,55.220001220703125,55.47999954223633,55.91999816894531,488500.0,46.404273986816406
2016-10-06,55.290000915527344,54.470001220703125,54.79999923706055,54.869998931884766,517000.0,45.532955169677734
2016-10-07,55.439998626708984,54.09000015258789,55.29999923706055,54.56999969482422,569900.0,45.28400421142578
2016-10-10,55.43000030517578,54.970001220703125,54.970001220703125,55.040000915527344,318400.0,45.67402648925781
2016-10-11,53.34000015258789,52.209999084472656,53.34000015258789,52.540000915527344,730900.0,43.59944152832031
2016-10-12,53.77000045776367,52.099998474121094,52.27000045776367,52.84000015258789,637600.0,43.848388671875
2016-10-13,52.16999816894531,50.93000030517578,51.70000076293945,51.439998626708984,645400.0,42.68661880493164
2016-10-14,52.869998931884766,51.619998931884766,52.40999984741211,51.70000076293945,605400.0,42.90237808227539
2016-10-17,52.529998779296875,52.11000061035156,52.2599983215332,52.13999938964844,381400.0,43.26750946044922
2016-10-18,53.95000076293945,53.400001525878906,53.619998931884766,53.86000061035156,541000.0,44.69481658935547
2016-10-19,54.709999084472656,54.099998474121094,54.27000045776367,54.619998931884766,340200.0,45.32548904418945
2016-10-20,54.61000061035156,54.0,54.0,54.18000030517578,250200.0,44.96036911010742
2016-10-21,54.27000045776367,53.7599983215332,53.880001068115234,54.189998626708984,305400.0,44.968666076660156
2016-10-24,55.2400016784668,54.400001525878906,55.09000015258789,54.599998474121094,288600.0,45.30889129638672
2016-10-25,55.41999816894531,54.540000915527344,54.65999984741211,55.18000030517578,406100.0,45.79020309448242
2016-10-26,54.540000915527344,54.02000045776367,54.380001068115234,54.2400016784668,429500.0,45.01015853881836
2016-10-27,54.47999954223633,53.7599983215332,54.47999954223633,53.849998474121094,378000.0,44.686519622802734
2016-10-28,53.79999923706055,52.880001068115234,53.599998474121094,53.22999954223633,558200.0,44.17202377319336
2016-10-31,55.470001220703125,54.88999938964844,54.90999984741211,55.29999923706055,620900.0,45.88977813720703
2016-11-01,55.56999969482422,54.040000915527344,55.529998779296875,54.599998474121094,593100.0,45.30889129638672
2016-11-02,55.63999938964844,54.349998474121094,55.18000030517578,54.709999084472656,562500.0,45.400177001953125
2016-11-03,55.16999816894531,54.43000030517578,54.75,54.63999938964844,438900.0,45.34209060668945
2016-11-04,53.540000915527344,52.5,53.43000030517578,52.58000183105469,538200.0,43.63262939453125
2016-11-07,55.869998931884766,54.31999969482422,54.43000030517578,55.790000915527344,808000.0,46.29640197753906
2016-11-08,57.279998779296875,55.599998474121094,55.689998626708984,57.02000045776367,895600.0,47.31709289550781
2016-11-09,55.029998779296875,53.54999923706055,54.66999816894531,54.36000061035156,1498000.0,45.109737396240234
2016-11-10,53.16999816894531,50.810001373291016,53.06999969482422,51.27000045776367,1782500.0,42.54555130004883
2016-11-11,49.970001220703125,48.68000030517578,49.849998474121094,49.2599983215332,1360100.0,40.877586364746094
2016-11-14,49.040000915527344,48.11000061035156,48.90999984741211,48.45000076293945,1252800.0,40.205421447753906
2016-11-15,50.439998626708984,49.4900016784668,49.58000183105469,50.34000015258789,941900.0,41.77381134033203
2016-11-16,50.400001525878906,49.59000015258789,50.0099983215332,50.09000015258789,694500.0,41.56634521484375
2016-11-17,51.11000061035156,50.20000076293945,50.540000915527344,50.31999969482422,581600.0,41.75720977783203
2016-11-18,50.869998931884766,49.970001220703125,50.68000030517578,50.11000061035156,338000.0,41.582942962646484
2016-11-21,51.15999984741211,50.68000030517578,50.90999984741211,50.970001220703125,319500.0,42.29660415649414
2016-11-22,52.81999969482422,51.849998474121094,52.220001220703125,52.75,330800.0,43.773704528808594
2016-11-23,51.06999969482422,50.279998779296875,50.83000183105469,50.810001373291016,599200.0,42.1638298034668
2016-11-25,51.220001220703125,50.650001525878906,51.040000915527344,51.18000030517578,458200.0,42.47086715698242
2016-11-28,52.65999984741211,52.02000045776367,52.04999923706055,52.45000076293945,501000.0,43.524757385253906
2016-11-29,52.36000061035156,51.68000030517578,51.68000030517578,52.150001525878906,341900.0,43.27580642700195
2016-11-30,51.2400016784668,50.56999969482422,51.220001220703125,50.84000015258789,621900.0,42.188724517822266
2016-12-01,50.65999984741211,49.869998931884766,50.560001373291016,50.02000045776367,714900.0,41.50825881958008
2016-12-02,50.45000076293945,49.47999954223633,49.630001068115234,50.2400016784668,554800.0,41.690826416015625
2016-12-05,51.41999816894531,50.72999954223633,50.81999969482422,51.369998931884766,385500.0,42.628536224365234
2016-12-06,51.36000061035156,50.91999816894531,51.099998474121094,51.189998626708984,871900.0,42.479164123535156
2016-12-07,52.95000076293945,51.880001068115234,51.970001220703125,52.849998474121094,715600.0,43.856685638427734
2016-12-08,53.279998779296875,52.099998474121094,52.20000076293945,53.099998474121094,653200.0,44.064144134521484
2016-12-09,53.290000915527344,52.790000915527344,53.0,52.79999923706055,455900.0,43.81519317626953
2016-12-12,53.209999084472656,52.560001373291016,52.959999084472656,52.939998626708984,879700.0,43.93136978149414
2016-12-13,54.099998474121094,53.279998779296875,53.380001068115234,54.0,642900.0,44.81099319458008
2016-12-14,53.45000076293945,51.150001525878906,53.09000015258789,51.25,726300.0,42.52894973754883
2016-12-15,51.189998626708984,50.2400016784668,51.0,50.9900016784668,610000.0,42.313201904296875
2016-12-16,50.939998626708984,50.400001525878906,50.63999938964844,50.7400016784668,393300.0,42.10574722290039
2016-12-19,51.189998626708984,50.439998626708984,51.099998474121094,50.47999954223633,446100.0,41.889984130859375
2016-12-20,51.90999984741211,51.279998779296875,51.36000061035156,51.72999954223633,435200.0,42.927276611328125
2016-12-21,51.33000183105469,50.72999954223633,51.29999923706055,50.72999954223633,333800.0,42.549842834472656
2016-12-22,50.209999084472656,49.59000015258789,50.20000076293945,49.810001373291016,423400.0,41.7781867980957
2016-12-23,50.220001220703125,49.650001525878906,49.83000183105469,50.13999938964844,333700.0,42.05497360229492
2016-12-27,50.7400016784668,50.369998931884766,50.41999816894531,50.599998474121094,385800.0,42.440799713134766
2016-12-28,51.869998931884766,51.400001525878906,51.66999816894531,51.75,365300.0,43.40536880493164
2016-12-29,53.849998474121094,53.130001068115234,53.150001525878906,53.779998779296875,890600.0,45.108028411865234
2016-12-30,53.0,52.150001525878906,53.0,52.36000061035156,527400.0,43.91699981689453
2017-01-03,53.400001525878906,52.470001220703125,52.849998474121094,52.86000061035156,686300.0,44.33637619018555
2017-01-04,53.7400016784668,53.310001373291016,53.34000015258789,53.5,610800.0,44.87317657470703
2017-01-05,53.43000030517578,52.83000183105469,52.88999938964844,53.279998779296875,397500.0,44.68864822387695
2017-01-06,54.02000045776367,53.5099983215332,53.75,53.869998931884766,476400.0,45.18351745605469
2017-01-09,54.0,53.599998474121094,53.630001068115234,53.77000045776367,186800.0,45.09964370727539
2017-01-10,54.349998474121094,53.66999816894531,53.9900016784668,53.7599983215332,356000.0,45.091251373291016
2017-01-11,54.59000015258789,53.29999923706055,53.779998779296875,54.45000076293945,621800.0,45.66999435424805
2017-01-12,55.150001525878906,54.65999984741211,54.970001220703125,54.939998626708984,707700.0,46.08097839355469
2017-01-13,55.619998931884766,55.0099983215332,55.130001068115234,55.4900016784668,418200.0,46.54228973388672
2017-01-17,55.619998931884766,55.15999984741211,55.47999954223633,55.43000030517578,353400.0,46.49197006225586
2017-01-18,55.56999969482422,54.779998779296875,55.310001373291016,54.86000061035156,611400.0,46.01388168334961
2017-01-19,54.81999969482422,54.13999938964844,54.75,54.5,1062300.0,45.7119255065918
2017-01-20,54.560001373291016,53.91999816894531,54.369998931884766,54.439998626708984,569100.0,45.66160202026367
2017-01-23,55.689998626708984,54.939998626708984,54.939998626708984,55.54999923706055,450400.0,46.592620849609375
2017-01-24,56.630001068115234,56.06999969482422,56.06999969482422,56.400001525878906,555100.0,47.30556106567383
2017-01-25,56.81999969482422,56.130001068115234,56.13999938964844,56.75,327100.0,47.599117279052734
2017-01-26,56.470001220703125,55.93000030517578,56.220001220703125,56.209999084472656,409900.0,47.14619445800781
2017-01-27,55.15999984741211,54.70000076293945,54.83000183105469,55.099998474121094,403100.0,46.215179443359375
2017-01-30,54.54999923706055,53.93000030517578,54.04999923706055,54.33000183105469,507800.0,45.569339752197266
2017-01-31,55.16999816894531,54.47999954223633,54.68000030517578,54.86000061035156,492200.0,46.01388168334961
2017-02-01,55.34000015258789,54.61000061035156,55.150001525878906,54.790000915527344,437800.0,45.95516586303711
2017-02-02,55.2599983215332,54.880001068115234,55.09000015258789,54.939998626708984,233300.0,46.08097839355469
2017-02-03,55.709999084472656,55.060001373291016,55.25,55.5099983215332,322200.0,46.55906677246094
2017-02-06,55.119998931884766,54.599998474121094,55.119998931884766,54.95000076293945,321100.0,46.08937072753906
2017-02-07,54.5099983215332,53.97999954223633,54.400001525878906,54.09000015258789,345500.0,45.3680419921875
2017-02-08,54.34000015258789,53.75,53.83000183105469,54.130001068115234,335200.0,45.40159225463867
2017-02-09,54.70000076293945,54.209999084472656,54.52000045776367,54.619998931884766,363000.0,45.81257247924805
2017-02-10,55.81999969482422,55.099998474121094,55.15999984741211,55.810001373291016,369200.0,46.81069564819336
2017-02-13,56.0099983215332,55.779998779296875,55.79999923706055,55.88999938964844,164600.0,46.87779235839844
2017-02-14,56.59000015258789,55.630001068115234,56.18000030517578,56.47999954223633,418200.0,47.37266159057617
2017-02-15,57.540000915527344,56.439998626708984,56.439998626708984,57.45000076293945,315900.0,48.186248779296875
2017-02-16,57.52000045776367,56.650001525878906,57.45000076293945,56.72999954223633,451200.0,47.58234786987305
2017-02-17,56.68000030517578,55.959999084472656,56.54999923706055,56.380001068115234,634200.0,47.288780212402344
2017-02-21,56.7599983215332,56.15999984741211,56.369998931884766,56.56999969482422,321900.0,47.448143005371094
2017-02-22,56.869998931884766,55.939998626708984,55.939998626708984,56.869998931884766,443400.0,47.69976806640625
2017-02-23,57.75,57.060001373291016,57.68000030517578,57.5099983215332,423400.0,48.236568450927734
2017-02-24,57.02000045776367,56.5099983215332,56.77000045776367,56.790000915527344,382400.0,47.63267135620117
2017-02-27,56.91999816894531,56.06999969482422,56.7599983215332,56.150001525878906,426400.0,47.09587097167969
2017-02-28,55.91999816894531,54.90999984741211,55.77000045776367,54.9900016784668,598200.0,46.122920989990234
2017-03-01,56.38999938964844,55.59000015258789,55.63999938964844,56.15999984741211,503600.0,47.10425567626953
2017-03-02,56.04999923706055,55.2400016784668,55.88999938964844,55.31999969482422,476400.0,46.39970779418945
2017-03-03,56.439998626708984,55.720001220703125,55.88999938964844,56.369998931884766,324600.0,47.2803955078125
2017-03-06,56.540000915527344,56.040000915527344,56.5,56.369998931884766,422900.0,47.2803955078125
2017-03-07,56.83000183105469,56.310001373291016,56.5,56.52000045776367,236400.0,47.40620803833008
2017-03-08,55.970001220703125,55.15999984741211,55.83000183105469,55.220001220703125,472600.0,46.315834045410156
2017-03-09,54.91999816894531,53.84000015258789,54.869998931884766,54.209999084472656,417200.0,45.46868896484375
2017-03-10,55.88999938964844,55.29999923706055,55.4900016784668,55.84000015258789,426400.0,46.835853576660156
2017-03-13,56.84000015258789,56.15999984741211,56.15999984741211,56.7400016784668,289800.0,47.590736389160156
2017-03-14,56.59000015258789,56.08000183105469,56.279998779296875,56.189998626708984,344800.0,47.12942123413086
2017-03-15,58.939998626708984,56.68000030517578,56.68000030517578,58.560001373291016,767200.0,49.11725616455078
2017-03-16,59.86000061035156,59.150001525878906,59.5099983215332,59.290000915527344,842300.0,49.72954559326172
2017-03-17,59.400001525878906,58.83000183105469,58.9900016784668,59.25,401600.0,49.69599151611328
2017-03-20,60.650001525878906,59.689998626708984,59.81999969482422,60.369998931884766,544900.0,50.635398864746094
2017-03-21,61.2599983215332,59.599998474121094,61.06999969482422,59.72999954223633,869900.0,50.098594665527344
2017-03-22,60.220001220703125,59.599998474121094,59.68000030517578,60.099998474121094,547700.0,50.408935546875
2017-03-23,60.70000076293945,60.09000015258789,60.279998779296875,60.38999938964844,489800.0,50.65217208862305
2017-03-24,60.58000183105469,60.029998779296875,60.15999984741211,60.369998931884766,364900.0,50.635398864746094
2017-03-27,58.90999984741211,58.25,58.630001068115234,58.720001220703125,469100.0,49.251461029052734
2017-03-28,58.7599983215332,58.060001373291016,58.470001220703125,58.2400016784668,865100.0,48.84886169433594
2017-03-29,58.58000183105469,57.65999984741211,58.0099983215332,58.08000183105469,481400.0,48.71466064453125
2017-03-30,58.790000915527344,56.90999984741211,58.310001373291016,57.02000045776367,534300.0,47.825584411621094
2017-03-31,55.959999084472656,55.06999969482422,55.869998931884766,55.189998626708984,959700.0,46.29066467285156
2017-04-03,55.7400016784668,54.31999969482422,55.38999938964844,54.75,1184500.0,45.92161560058594
2017-04-04,55.79999923706055,55.13999938964844,55.22999954223633,55.439998626708984,392200.0,46.5003547668457
2017-04-05,54.810001373291016,54.099998474121094,54.54999923706055,54.150001525878906,479000.0,45.418365478515625
2017-04-06,54.38999938964844,54.060001373291016,54.209999084472656,54.2400016784668,309400.0,45.493858337402344
2017-04-07,54.689998626708984,54.099998474121094,54.20000076293945,54.369998931884766,354700.0,45.60289001464844
2017-04-10,54.34000015258789,53.95000076293945,54.34000015258789,53.9900016784668,279700.0,45.2841682434082
2017-04-11,55.41999816894531,54.63999938964844,55.0,55.29999923706055,416700.0,46.382930755615234
2017-04-12,56.90999984741211,55.90999984741211,56.40999984741211,56.86000061035156,620700.0,47.69138717651367
2017-04-13,57.75,57.08000183105469,57.08000183105469,57.18000030517578,360900.0,47.959781646728516
2017-04-17,58.25,57.599998474121094,57.599998474121094,58.189998626708984,332900.0,48.80691909790039
2017-04-18,57.66999816894531,57.209999084472656,57.290000915527344,57.27000045776367,312700.0,48.0352668762207
2017-04-19,57.400001525878906,56.75,57.18000030517578,56.95000076293945,541900.0,47.766876220703125
2017-04-20,58.099998474121094,57.59000015258789,57.709999084472656,58.029998779296875,595600.0,48.6727180480957
2017-04-21,57.779998779296875,57.40999984741211,57.66999816894531,57.720001220703125,429000.0,48.4127082824707
2017-04-24,59.290000915527344,58.939998626708984,59.02000045776367,59.15999984741211,436000.0,49.62051010131836
2017-04-25,59.45000076293945,58.970001220703125,59.09000015258789,59.16999816894531,278600.0,49.62889099121094
2017-04-26,58.68000030517578,57.970001220703125,58.220001220703125,58.2400016784668,437900.0,48.84886169433594
2017-04-27,58.41999816894531,57.66999816894531,58.41999816894531,57.869998931884766,230500.0,48.538516998291016
2017-04-28,58.900001525878906,58.16999816894531,58.72999954223633,58.47999954223633,373500.0,49.05015563964844
2017-05-01,58.880001068115234,58.47999954223633,58.83000183105469,58.52000045776367,123900.0,49.083709716796875
2017-05-02,59.2400016784668,58.689998626708984,58.81999969482422,58.959999084472656,499100.0,49.452754974365234
2017-05-03,58.72999954223633,58.22999954223633,58.27000045776367,58.279998779296875,384400.0,48.88241195678711
2017-05-04,57.41999816894531,56.47999954223633,57.41999816894531,56.7400016784668,506200.0,47.590736389160156
2017-05-05,57.95000076293945,56.72999954223633,56.79999923706055,57.880001068115234,434600.0,48.54690933227539
2017-05-08,57.59000015258789,56.900001525878906,57.59000015258789,57.09000015258789,359100.0,47.88429260253906
2017-05-09,58.16999816894531,57.33000183105469,57.34000015258789,57.88999938964844,386200.0,48.555294036865234
2017-05-10,58.97999954223633,58.40999984741211,58.45000076293945,58.900001525878906,472200.0,49.402435302734375
2017-05-11,59.2599983215332,58.65999984741211,58.810001373291016,59.130001068115234,299900.0,49.59534454345703
2017-05-12,59.45000076293945,59.029998779296875,59.27000045776367,59.20000076293945,171900.0,49.65406036376953
2017-05-15,60.27000045776367,59.81999969482422,59.95000076293945,60.22999954223633,309900.0,50.517974853515625
2017-05-16,60.83000183105469,60.20000076293945,60.279998779296875,60.810001373291016,810400.0,51.00444793701172
2017-05-17,60.06999969482422,59.369998931884766,59.84000015258789,59.43000030517578,493100.0,49.84696578979492
2017-05-18,59.2400016784668,58.209999084472656,58.58000183105469,58.5,1416400.0,49.066932678222656
2017-05-19,60.400001525878906,59.66999816894531,59.72999954223633,60.08000183105469,461100.0,50.39215850830078
2017-05-22,60.459999084472656,60.15999984741211,60.34000015258789,60.29999923706055,233300.0,50.576683044433594
2017-05-23,61.689998626708984,61.0,61.11000061035156,61.59000015258789,335400.0,51.65867614746094
2017-05-24,62.29999923706055,61.66999816894531,61.7400016784668,62.2599983215332,487000.0,52.22063446044922
2017-05-25,62.20000076293945,61.63999938964844,61.939998626708984,61.77000045776367,347100.0,51.80965042114258
2017-05-26,62.150001525878906,61.83000183105469,61.849998474121094,62.099998474121094,303400.0,52.08643341064453
2017-05-30,60.939998626708984,60.54999923706055,60.689998626708984,60.70000076293945,308600.0,50.91218566894531
2017-05-31,59.900001525878906,59.209999084472656,59.900001525878906,59.470001220703125,610400.0,49.88051986694336
2017-06-01,60.529998779296875,59.38999938964844,59.619998931884766,60.52000045776367,588200.0,50.76121139526367
2017-06-02,60.810001373291016,60.220001220703125,60.61000061035156,60.650001525878906,258000.0,50.87024688720703
2017-06-05,61.459999084472656,61.130001068115234,61.18000030517578,61.20000076293945,332900.0,51.33156204223633
2017-06-06,60.15999984741211,59.66999816894531,60.02000045776367,59.77000045776367,286500.0,50.132144927978516
2017-06-07,59.7400016784668,58.93000030517578,59.27000045776367,59.34000015258789,339900.0,49.771484375
2017-06-08,59.11000061035156,58.5099983215332,59.029998779296875,58.65999984741211,266800.0,49.20112991333008
2017-06-09,59.33000183105469,58.29999923706055,59.130001068115234,58.75,421400.0,49.2766227722168
2017-06-12,58.939998626708984,58.29999923706055,58.79999923706055,58.83000183105469,452900.0,49.34372329711914
2017-06-13,59.189998626708984,58.689998626708984,58.959999084472656,59.040000915527344,327700.0,49.519859313964844
2017-06-14,60.119998931884766,59.040000915527344,59.880001068115234,59.45000076293945,637000.0,49.863746643066406
2017-06-15,57.93000030517578,57.16999816894531,57.720001220703125,57.709999084472656,554500.0,48.404319763183594
2017-06-16,58.0099983215332,57.349998474121094,57.72999954223633,57.88999938964844,619500.0,48.555294036865234
2017-06-19,58.130001068115234,57.04999923706055,57.310001373291016,57.88999938964844,458200.0,48.555294036865234
2017-06-20,56.90999984741211,55.970001220703125,56.689998626708984,56.0099983215332,487500.0,47.35885238647461
2017-06-21,57.040000915527344,56.459999084472656,56.720001220703125,56.63999938964844,358900.0,47.891544342041016
2017-06-22,57.27000045776367,56.279998779296875,56.5,56.959999084472656,233100.0,48.1621208190918
2017-06-23,58.220001220703125,57.650001525878906,57.7400016784668,57.90999984741211,253600.0,48.96538162231445
2017-06-26,58.66999816894531,58.099998474121094,58.349998474121094,58.22999954223633,325800.0,49.235958099365234
2017-06-27,57.790000915527344,56.959999084472656,57.61000061035156,57.060001373291016,476100.0,48.24666976928711
2017-06-28,57.810001373291016,57.220001220703125,57.47999954223633,57.66999816894531,275000.0,48.762451171875
2017-06-29,56.97999954223633,55.84000015258789,56.86000061035156,56.369998931884766,526300.0,47.663246154785156
2017-06-30,57.0099983215332,56.400001525878906,56.5,56.720001220703125,592800.0,47.959190368652344
2017-07-03,56.9900016784668,56.66999816894531,56.849998474121094,56.79999923706055,312000.0,48.026832580566406
2017-07-05,56.36000061035156,55.5,56.04999923706055,56.25,703800.0,47.56178283691406
2017-07-06,56.04999923706055,55.45000076293945,56.04999923706055,55.540000915527344,456100.0,46.961448669433594
2017-07-07,55.630001068115234,54.970001220703125,55.47999954223633,55.45000076293945,348800.0,46.88534927368164
2017-07-10,55.849998474121094,55.2599983215332,55.72999954223633,55.5,459900.0,46.92762756347656
2017-07-11,55.380001068115234,54.810001373291016,55.2599983215332,55.209999084472656,343400.0,46.68242263793945
2017-07-12,57.630001068115234,56.84000015258789,56.84000015258789,57.41999816894531,557600.0,48.55107116699219
2017-07-13,58.16999816894531,57.56999969482422,57.79999923706055,57.90999984741211,485700.0,48.96538162231445
2017-07-14,59.56999969482422,58.95000076293945,58.95000076293945,59.439998626708984,917400.0,50.259063720703125
2017-07-17,60.02000045776367,59.61000061035156,59.84000015258789,59.689998626708984,358600.0,50.47045135498047
2017-07-18,59.79999923706055,59.29999923706055,59.58000183105469,59.720001220703125,407400.0,50.495819091796875
2017-07-19,60.90999984741211,60.380001068115234,60.58000183105469,60.630001068115234,296200.0,51.265262603759766
2017-07-20,60.91999816894531,60.130001068115234,60.77000045776367,60.599998474121094,469400.0,51.239891052246094
2017-07-21,61.279998779296875,60.54999923706055,61.06999969482422,61.040000915527344,353600.0,51.611934661865234
2017-07-24,61.189998626708984,60.88999938964844,61.13999938964844,61.11000061035156,245300.0,51.67112350463867
2017-07-25,60.7599983215332,60.16999816894531,60.459999084472656,60.290000915527344,268700.0,50.977779388427734
2017-07-26,61.65999984741211,60.58000183105469,60.810001373291016,61.41999816894531,484500.0,51.9332389831543
2017-07-27,61.310001373291016,60.08000183105469,61.20000076293945,60.56999969482422,457800.0,51.21452713012695
2017-07-28,61.220001220703125,60.65999984741211,60.81999969482422,61.209999084472656,281200.0,51.75567626953125
2017-07-31,60.41999816894531,60.02000045776367,60.33000183105469,60.150001525878906,410300.0,50.85940170288086
2017-08-01,60.38999938964844,59.630001068115234,59.91999816894531,60.04999923706055,550500.0,50.774845123291016
2017-08-02,60.38999938964844,59.790000915527344,60.0,60.36000061035156,508800.0,51.036964416503906
2017-08-03,60.0,59.41999816894531,60.0,59.689998626708984,438900.0,50.47045135498047
2017-08-04,59.959999084472656,59.310001373291016,59.75,59.91999816894531,376200.0,50.6649284362793
2017-08-07,61.400001525878906,60.45000076293945,60.61000061035156,61.04999923706055,427600.0,51.620391845703125
2017-08-08,61.61000061035156,60.0099983215332,61.34000015258789,60.36000061035156,1096300.0,51.036964416503906
2017-08-09,60.04999923706055,59.08000183105469,59.470001220703125,59.93000030517578,501300.0,50.67338180541992
2017-08-10,60.36000061035156,58.869998931884766,60.150001525878906,58.970001220703125,637900.0,49.86166000366211
2017-08-11,59.25,58.65999984741211,58.90999984741211,58.77000045776367,530400.0,49.69255447387695
2017-08-14,60.209999084472656,59.86000061035156,60.099998474121094,59.88999938964844,338600.0,50.63956069946289
2017-08-15,59.83000183105469,59.290000915527344,59.290000915527344,59.68000030517578,171900.0,50.461997985839844
2017-08-16,61.02000045776367,60.52000045776367,60.689998626708984,60.91999816894531,307800.0,51.510467529296875
2017-08-17,61.04999923706055,59.959999084472656,60.86000061035156,60.02000045776367,460100.0,50.74947738647461
2017-08-18,61.22999954223633,60.29999923706055,60.61000061035156,60.880001068115234,484900.0,51.47664260864258
2017-08-21,61.209999084472656,60.84000015258789,60.880001068115234,61.099998474121094,217300.0,51.66266632080078
2017-08-22,61.650001525878906,61.29999923706055,61.439998626708984,61.41999816894531,225000.0,51.9332389831543
2017-08-23,62.150001525878906,61.349998474121094,61.400001525878906,61.959999084472656,251500.0,52.389835357666016
2017-08-24,62.20000076293945,61.720001220703125,61.88999938964844,61.9900016784668,330100.0,52.415199279785156
2017-08-25,63.220001220703125,62.189998626708984,62.22999954223633,63.08000183105469,451800.0,53.33684158325195
2017-08-28,62.75,62.380001068115234,62.58000183105469,62.689998626708984,251100.0,53.007080078125
2017-08-29,62.91999816894531,62.41999816894531,62.54999923706055,62.720001220703125,211000.0,53.032447814941406
2017-08-30,62.310001373291016,62.0,62.20000076293945,62.18000030517578,272700.0,52.57585525512695
2017-08-31,62.720001220703125,62.209999084472656,62.34000015258789,62.52000045776367,427500.0,52.863338470458984
2017-09-01,63.45000076293945,62.81999969482422,62.900001525878906,63.18000030517578,425400.0,53.42139434814453
2017-09-05,62.90999984741211,61.88999938964844,62.7400016784668,62.459999084472656,515400.0,52.812599182128906
2017-09-06,62.470001220703125,61.66999816894531,61.81999969482422,62.310001373291016,335300.0,52.68577575683594
2017-09-07,62.81999969482422,62.209999084472656,62.29999923706055,62.7599983215332,136000.0,53.06626892089844
2017-09-08,62.2599983215332,61.560001373291016,62.130001068115234,61.66999816894531,301300.0,52.144622802734375
2017-09-11,62.41999816894531,61.91999816894531,62.099998474121094,61.970001220703125,229900.0,52.39828872680664
2017-09-12,62.0,61.689998626708984,61.95000076293945,61.84000015258789,193500.0,52.28837203979492
2017-09-13,61.5,60.709999084472656,61.5,61.040000915527344,403300.0,51.611934661865234
2017-09-14,60.91999816894531,60.439998626708984,60.54999923706055,60.86000061035156,250400.0,51.45973587036133
2017-09-15,60.84000015258789,60.13999938964844,60.400001525878906,60.66999816894531,259600.0,51.29907989501953
2017-09-18,60.66999816894531,59.900001525878906,60.4900016784668,60.0099983215332,183000.0,50.741024017333984
2017-09-19,60.22999954223633,59.83000183105469,59.900001525878906,60.15999984741211,367300.0,50.867855072021484
2017-09-20,60.630001068115234,59.02000045776367,60.34000015258789,60.099998474121094,479800.0,50.81712341308594
2017-09-21,60.650001525878906,60.0099983215332,60.369998931884766,60.20000076293945,219800.0,50.90167999267578
2017-09-22,60.68000030517578,60.04999923706055,60.56999969482422,60.2400016784668,267400.0,50.93550109863281
2017-09-25,60.119998931884766,59.130001068115234,60.0,59.47999954223633,398100.0,50.29288864135742
2017-09-26,59.15999984741211,58.310001373291016,59.119998931884766,58.790000915527344,360400.0,49.7094612121582
2017-09-27,58.13999938964844,57.58000183105469,57.88999938964844,57.95000076293945,595800.0,48.99920654296875
2017-09-28,58.16999816894531,57.709999084472656,57.83000183105469,58.04999923706055,327200.0,49.08376693725586
2017-09-29,58.900001525878906,58.470001220703125,58.84000015258789,58.75,511200.0,49.67564392089844
2017-10-02,58.75,57.939998626708984,58.439998626708984,58.040000915527344,361300.0,49.0753059387207
2017-10-03,58.72999954223633,57.939998626708984,58.130001068115234,58.560001373291016,258800.0,49.514991760253906
2017-10-04,59.5099983215332,58.95000076293945,59.119998931884766,59.13999938964844,224700.0,50.005401611328125
2017-10-05,59.790000915527344,59.25,59.34000015258789,59.54999923706055,472900.0,50.352073669433594
2017-10-06,59.65999984741211,58.810001373291016,59.11000061035156,59.630001068115234,374800.0,50.41972351074219
2017-10-09,59.470001220703125,59.0099983215332,59.38999938964844,59.38999938964844,272200.0,50.2167854309082
2017-10-10,60.470001220703125,60.029998779296875,60.029998779296875,60.310001373291016,330300.0,50.994686126708984
2017-10-11,61.2599983215332,60.689998626708984,60.97999954223633,61.08000183105469,528000.0,51.6457633972168
2017-10-12,62.470001220703125,61.2400016784668,61.2400016784668,61.560001373291016,249800.0,52.05161666870117
2017-10-13,63.09000015258789,62.400001525878906,62.470001220703125,62.849998474121094,375600.0,53.14236831665039
2017-10-16,63.45000076293945,62.70000076293945,63.20000076293945,62.779998779296875,359700.0,53.08317947387695
2017-10-17,62.20000076293945,61.61000061035156,61.91999816894531,61.970001220703125,389400.0,52.39828872680664
2017-10-18,61.97999954223633,61.5099983215332,61.65999984741211,61.619998931884766,269700.0,52.10234832763672
2017-10-19,61.68000030517578,61.2599983215332,61.5,61.47999954223633,212700.0,51.98397445678711
2017-10-20,61.20000076293945,60.66999816894531,60.7599983215332,61.13999938964844,234500.0,51.69648742675781
2017-10-23,60.75,60.2400016784668,60.75,60.5,262800.0,51.15534210205078
2017-10-24,60.720001220703125,60.11000061035156,60.29999923706055,60.11000061035156,412000.0,50.82558059692383
2017-10-25,59.599998474121094,58.349998474121094,59.47999954223633,59.06999969482422,674400.0,49.94621658325195
2017-10-26,58.91999816894531,58.25,58.459999084472656,58.29999923706055,1430500.0,49.29514694213867
2017-10-27,59.68000030517578,58.65999984741211,58.84000015258789,59.54999923706055,444000.0,50.352073669433594
2017-10-30,59.869998931884766,58.84000015258789,58.84000015258789,59.459999084472656,383100.0,50.27597427368164
2017-10-31,59.9900016784668,59.220001220703125,59.470001220703125,59.90999984741211,1674200.0,50.65647506713867
2017-11-01,60.369998931884766,59.68000030517578,60.0,59.95000076293945,405600.0,50.69029235839844
2017-11-02,60.75,60.0099983215332,60.54999923706055,60.52000045776367,285400.0,51.1722526550293
2017-11-03,60.040000915527344,59.34000015258789,60.029998779296875,59.790000915527344,446700.0,50.55500793457031
2017-11-06,60.5,59.86000061035156,59.93000030517578,60.41999816894531,297600.0,51.08769607543945
2017-11-07,60.77000045776367,59.68000030517578,60.66999816894531,59.869998931884766,811800.0,50.622650146484375
2017-11-08,60.459999084472656,60.150001525878906,60.22999954223633,60.279998779296875,408800.0,50.96931838989258
2017-11-09,60.15999984741211,59.369998931884766,59.790000915527344,60.04999923706055,457900.0,50.774845123291016
2017-11-10,59.56999969482422,58.61000061035156,59.43000030517578,59.040000915527344,347000.0,49.92084884643555
2017-11-13,58.900001525878906,58.41999816894531,58.529998779296875,58.849998474121094,253900.0,49.76019287109375
2017-11-14,59.189998626708984,58.65999984741211,59.130001068115234,58.869998931884766,317300.0,49.77710723876953
2017-11-15,59.27000045776367,58.68000030517578,59.27000045776367,58.88999938964844,408200.0,49.79401397705078
2017-11-16,60.790000915527344,59.81999969482422,60.130001068115234,60.529998779296875,367100.0,51.180702209472656
2017-11-17,62.880001068115234,62.119998931884766,62.2599983215332,62.43000030517578,429400.0,52.78723907470703
2017-11-20,63.060001373291016,62.4900016784668,62.4900016784668,62.86000061035156,363300.0,53.150821685791016
2017-11-21,63.88999938964844,63.33000183105469,63.33000183105469,63.560001373291016,530200.0,53.742698669433594
2017-11-22,64.0,63.20000076293945,63.7400016784668,63.439998626708984,996300.0,53.6412353515625
2017-11-24,62.90999984741211,62.41999816894531,62.470001220703125,62.779998779296875,268500.0,53.08317947387695
2017-11-27,63.70000076293945,63.029998779296875,63.70000076293945,63.09000015258789,1177600.0,53.34529495239258
2017-11-28,64.9000015258789,64.05000305175781,64.33000183105469,64.51000213623047,397800.0,54.54597091674805
2017-11-29,64.76000213623047,64.30000305175781,64.6500015258789,64.38999938964844,446100.0,54.44450378417969
2017-11-30,64.93000030517578,63.880001068115234,64.6500015258789,64.0199966430664,958900.0,54.13164520263672
2017-12-01,63.900001525878906,63.08000183105469,63.81999969482422,63.5,569600.0,53.69196701049805
2017-12-04,64.27999877929688,63.5099983215332,63.900001525878906,63.7400016784668,688400.0,53.894901275634766
2017-12-05,64.51000213623047,63.650001525878906,63.72999954223633,64.08000183105469,426700.0,54.1823844909668
2017-12-06,62.22999954223633,61.66999816894531,62.04999923706055,62.150001525878906,644500.0,52.55048751831055
2017-12-07,61.709999084472656,60.91999816894531,61.220001220703125,61.119998931884766,438600.0,51.6795768737793
2017-12-08,61.529998779296875,60.93000030517578,61.459999084472656,61.45000076293945,345000.0,51.95861053466797
2017-12-11,61.2599983215332,60.709999084472656,60.90999984741211,61.15999984741211,333900.0,51.71339797973633
2017-12-12,60.16999816894531,59.63999938964844,59.97999954223633,59.869998931884766,424900.0,50.622650146484375
2017-12-13,62.349998474121094,60.150001525878906,60.150001525878906,61.68000030517578,1444800.0,52.15308380126953
2017-12-14,62.08000183105469,61.38999938964844,62.0,61.400001525878906,287100.0,51.91633224487305
2017-12-15,63.310001373291016,62.16999816894531,62.20000076293945,62.90999984741211,640300.0,53.1931037902832
2017-12-18,67.01000213623047,65.44999694824219,65.44999694824219,65.93000030517578,886400.0,55.746639251708984
2017-12-19,66.87000274658203,65.7300033569336,66.6500015258789,65.91000366210938,1181800.0,56.25619888305664
2017-12-20,66.97000122070312,65.95999908447266,66.22000122070312,65.9800033569336,531200.0,56.315948486328125
2017-12-21,67.2300033569336,66.68000030517578,66.77999877929688,66.86000061035156,833200.0,57.067054748535156
2017-12-22,67.80999755859375,66.91999816894531,66.91999816894531,67.69999694824219,462100.0,57.78401184082031
2017-12-26,68.63999938964844,68.05000305175781,68.05000305175781,68.62000274658203,141300.0,58.56926345825195
2017-12-27,69.30999755859375,68.61000061035156,68.62999725341797,69.23999786376953,281400.0,59.09844970703125
2017-12-28,69.8499984741211,68.81999969482422,69.43000030517578,69.06999969482422,298400.0,58.953346252441406
2017-12-29,70.77999877929688,69.69000244140625,70.31999969482422,69.98999786376953,599900.0,59.73859786987305
2018-01-02,70.16999816894531,69.26000213623047,70.02999877929688,69.94000244140625,663000.0,59.695926666259766
2018-01-03,70.30000305175781,69.01000213623047,69.31999969482422,70.23999786376953,670900.0,59.95198440551758
2018-01-04,70.13999938964844,69.23999786376953,69.37000274658203,69.97000122070312,388700.0,59.721534729003906
2018-01-05,70.58999633789062,69.69000244140625,69.69999694824219,70.55999755859375,332900.0,60.2251091003418
2018-01-08,70.0,69.38999938964844,69.5999984741211,69.69999694824219,285000.0,59.4910774230957
2018-01-09,70.29000091552734,69.36000061035156,70.0,70.18000030517578,468900.0,59.90077209472656
2018-01-10,69.38999938964844,68.58000183105469,68.87000274658203,69.25,444700.0,59.10698699951172
2018-01-11,68.93000030517578,67.87000274658203,67.9000015258789,68.70999908447266,623800.0,58.646080017089844
2018-01-12,69.56999969482422,68.44000244140625,68.80999755859375,69.54000091552734,280600.0,59.35450744628906
2018-01-16,70.95999908447266,70.05999755859375,70.83000183105469,70.1500015258789,537200.0,59.87516784667969
2018-01-17,72.04000091552734,71.0,71.19000244140625,71.30999755859375,386500.0,60.86525344848633
2018-01-18,72.5199966430664,71.56999969482422,71.69999694824219,72.3499984741211,478400.0,61.75292205810547
2018-01-19,72.0199966430664,71.05999755859375,71.69000244140625,71.83000183105469,561900.0,61.3090934753418
2018-01-22,73.52999877929688,72.41999816894531,72.58000183105469,73.48999786376953,295200.0,62.725955963134766
2018-01-23,74.11000061035156,73.02999877929688,73.20999908447266,74.05000305175781,424300.0,63.20393371582031
2018-01-24,75.0999984741211,74.04000091552734,74.33000183105469,74.93000030517578,512100.0,63.95504379272461
2018-01-25,76.52999877929688,75.02999877929688,75.4000015258789,75.25,761900.0,64.22816467285156
2018-01-26,76.08000183105469,75.05999755859375,75.29000091552734,75.9800033569336,344200.0,64.85124969482422
2018-01-29,73.33000183105469,72.58000183105469,73.18000030517578,72.91999816894531,861200.0,62.23944854736328
2018-01-30,71.87999725341797,70.88999938964844,71.1500015258789,71.58000183105469,552200.0,61.0957145690918
2018-01-31,72.48999786376953,71.08999633789062,72.12999725341797,72.13999938964844,718100.0,61.57368850708008
2018-02-01,72.02999877929688,71.08000183105469,71.66000366210938,71.30999755859375,549500.0,60.86525344848633
2018-02-02,70.0999984741211,68.70999908447266,69.88999938964844,68.77999877929688,934700.0,58.70582580566406
2018-02-05,68.45999908447266,65.2699966430664,67.83000183105469,65.2699966430664,1146300.0,55.709930419921875
2018-02-06,69.98999786376953,66.11000061035156,66.2699966430664,69.06999969482422,1330000.0,58.953346252441406
2018-02-07,69.7699966430664,67.18000030517578,68.6500015258789,67.31999969482422,711700.0,57.459678649902344
2018-02-08,68.27999877929688,64.18000030517578,68.01000213623047,64.44999694824219,1123500.0,55.010040283203125
2018-02-09,67.08999633789062,63.93000030517578,66.41999816894531,66.30999755859375,1257300.0,56.59760665893555
2018-02-12,69.5199966430664,67.80000305175781,67.91000366210938,68.30000305175781,976600.0,58.29613494873047
2018-02-13,69.8499984741211,69.05999755859375,69.38999938964844,69.55000305175781,330200.0,59.3630485534668
2018-02-14,72.6500015258789,69.68000030517578,69.72000122070312,72.20999908447266,807700.0,61.63343048095703
2018-02-15,75.29000091552734,73.73999786376953,74.81999969482422,75.08000183105469,945600.0,64.08306884765625
2018-02-16,75.0999984741211,73.5,73.66999816894531,74.25,438500.0,63.374637603759766
2018-02-20,72.37000274658203,71.33999633789062,71.9000015258789,72.08999633789062,735800.0,61.531005859375
2018-02-21,74.6500015258789,72.25,73.61000061035156,72.30000305175781,521200.0,61.71025466918945
2018-02-22,73.22000122070312,72.16000366210938,72.44000244140625,72.3499984741211,420800.0,61.75292205810547
2018-02-23,75.36000061035156,74.0199966430664,74.33999633789062,75.29000091552734,393700.0,64.2623062133789
2018-02-26,75.5,73.93000030517578,74.37999725341797,75.30000305175781,426800.0,64.2708511352539
2018-02-27,74.11000061035156,72.3499984741211,74.08000183105469,72.43000030517578,645600.0,61.82121276855469
2018-02-28,72.62000274658203,71.27999877929688,72.58000183105469,71.36000061035156,517600.0,60.90793228149414
2018-03-01,72.44999694824219,70.4000015258789,71.5,71.22000122070312,517800.0,60.7884407043457
2018-03-02,72.06999969482422,69.93000030517578,70.52999877929688,71.73999786376953,600500.0,61.232276916503906
2018-03-05,72.87000274658203,71.19000244140625,71.25,72.33000183105469,529100.0,61.73585891723633
2018-03-06,74.52999877929688,73.20999908447266,73.88999938964844,73.62000274658203,358600.0,62.83692169189453
2018-03-07,73.97000122070312,72.7300033569336,73.19000244140625,73.8499984741211,383400.0,63.03322219848633
2018-03-08,73.62999725341797,72.76000213623047,73.45999908447266,73.62999725341797,278800.0,62.8454475402832
2018-03-09,74.47000122070312,73.1500015258789,73.38999938964844,74.38999938964844,471300.0,63.494136810302734
2018-03-12,74.01000213623047,73.36000061035156,73.87000274658203,73.76000213623047,440900.0,62.95641326904297
2018-03-13,74.12000274658203,72.36000061035156,73.83999633789062,72.68000030517578,421100.0,62.03459930419922
2018-03-14,72.75,71.68000030517578,72.56999969482422,72.31999969482422,313500.0,61.727325439453125
2018-03-15,72.02999877929688,70.73999786376953,71.76000213623047,71.19000244140625,375900.0,60.762840270996094
2018-03-16,71.37999725341797,70.19999694824219,70.9000015258789,70.41000366210938,449400.0,60.09709167480469
2018-03-19,70.44999694824219,69.33000183105469,70.06999969482422,69.91999816894531,543300.0,59.67885208129883
2018-03-20,71.79000091552734,70.83000183105469,70.8499984741211,71.41000366210938,387900.0,60.95061492919922
2018-03-21,73.13999938964844,70.75,71.16000366210938,72.16000366210938,460900.0,61.59075927734375
2018-03-22,71.02999877929688,68.94000244140625,70.58000183105469,69.44999694824219,789900.0,59.27769088745117
2018-03-23,70.66999816894531,68.18000030517578,70.16000366210938,68.41000366210938,778400.0,58.39002227783203
2018-03-26,71.75,69.7300033569336,69.91000366210938,71.37999725341797,449400.0,60.925010681152344
2018-03-27,70.91999816894531,68.86000061035156,70.75,69.33000183105469,543900.0,59.17526626586914
2018-03-28,68.44999694824219,67.25,68.13999938964844,67.73999786376953,586900.0,57.81815719604492
2018-03-29,69.01000213623047,67.48999786376953,67.68000030517578,68.69999694824219,702900.0,58.637535095214844
2018-04-02,68.93000030517578,66.1500015258789,68.3499984741211,67.05000305175781,510000.0,57.229225158691406
2018-04-03,68.12999725341797,66.83000183105469,67.95999908447266,67.72000122070312,551100.0,57.80108642578125
2018-04-04,68.1500015258789,65.55999755859375,65.7699966430664,68.0199966430664,563500.0,58.05714416503906
2018-04-05,68.48999786376953,67.58000183105469,68.19999694824219,68.11000061035156,429100.0,58.13396072387695
2018-04-06,67.97000122070312,66.0199966430664,67.48999786376953,66.69000244140625,426500.0,56.92195510864258
2018-04-09,67.87999725341797,66.4000015258789,66.83000183105469,66.94000244140625,448300.0,57.13533401489258
2018-04-10,68.5199966430664,67.27999877929688,67.80000305175781,68.30000305175781,370000.0,58.29613494873047
2018-04-11,68.2699966430664,67.02999877929688,67.58000183105469,67.9800033569336,394100.0,58.023006439208984
2018-04-12,68.22000122070312,67.3499984741211,67.88999938964844,67.58000183105469,358600.0,57.68159866333008
2018-04-13,67.83000183105469,66.9800033569336,67.62999725341797,67.22000122070312,203400.0,57.37432861328125
2018-04-16,68.16000366210938,67.43000030517578,67.58999633789062,68.05000305175781,305100.0,58.0827522277832
2018-04-17,68.80000305175781,67.7699966430664,67.88999938964844,68.55000305175781,271400.0,58.509517669677734
2018-04-18,70.19000244140625,69.26000213623047,69.55000305175781,69.88999938964844,330200.0,59.65325164794922
2018-04-19,70.33000183105469,68.91000366210938,70.1500015258789,69.31999969482422,272300.0,59.16673278808594
2018-04-20,68.91000366210938,68.04000091552734,68.86000061035156,68.41000366210938,443500.0,58.39002227783203
2018-04-23,67.73999786376953,66.58000183105469,67.66000366210938,66.70999908447266,538000.0,56.939022064208984
2018-04-24,67.16999816894531,65.7300033569336,66.68000030517578,66.1500015258789,397200.0,56.46104431152344
2018-04-25,65.68000030517578,64.61000061035156,65.26000213623047,65.33000183105469,590600.0,55.76115036010742
2018-04-26,66.6500015258789,65.73999786376953,66.05000305175781,66.58999633789062,398500.0,56.83659362792969
2018-04-27,67.3499984741211,65.9000015258789,66.5,67.16999816894531,327300.0,57.33164596557617
2018-04-30,67.02999877929688,65.70999908447266,66.87000274658203,65.83999633789062,421500.0,56.19644546508789
2018-05-01,66.77999877929688,63.880001068115234,65.18000030517578,65.01000213623047,660200.0,55.48801803588867
2018-05-02,66.22000122070312,64.69000244140625,65.83999633789062,64.7699966430664,466500.0,55.28316879272461
2018-05-03,65.12999725341797,63.59000015258789,65.0199966430664,64.69000244140625,544900.0,55.21489334106445
2018-05-04,66.08000183105469,64.33000183105469,64.54000091552734,65.63999938964844,472700.0,56.02574157714844
2018-05-07,65.77999877929688,65.0,65.30000305175781,65.31999969482422,218600.0,55.75260925292969
2018-05-08,65.22000122070312,64.33999633789062,64.97000122070312,65.16000366210938,334200.0,55.616050720214844
2018-05-09,65.72000122070312,64.95999908447266,65.41000366210938,65.56999969482422,342500.0,55.96599197387695
2018-05-10,67.8499984741211,66.66000366210938,66.72000122070312,67.55000305175781,671400.0,57.65599060058594
2018-05-11,68.45999908447266,67.55999755859375,67.9000015258789,67.87999725341797,326900.0,57.93764877319336
2018-05-14,68.1500015258789,67.37999725341797,67.75,67.4800033569336,193700.0,57.59624099731445
2018-05-15,65.33000183105469,64.22000122070312,64.98999786376953,64.55000305175781,464000.0,55.09539794921875
2018-05-16,66.73999786376953,66.02999877929688,66.27999877929688,66.27999877929688,467200.0,56.57200622558594
2018-05-17,65.22000122070312,64.20999908447266,64.94999694824219,64.87000274658203,1167100.0,55.3685302734375
2018-05-18,63.630001068115234,62.84000015258789,63.45000076293945,63.06999969482422,481600.0,53.83216857910156
2018-05-21,63.13999938964844,62.41999816894531,62.720001220703125,62.900001525878906,261900.0,53.687068939208984
2018-05-22,65.04000091552734,64.44000244140625,64.5199966430664,64.56999969482422,219300.0,55.112464904785156
2018-05-23,64.95999908447266,63.439998626708984,63.650001525878906,64.88999938964844,306700.0,55.38559341430664
2018-05-24,64.83999633789062,63.66999816894531,64.37000274658203,64.58999633789062,342300.0,55.12953186035156
2018-05-25,64.86000061035156,63.849998474121094,63.9900016784668,64.44999694824219,356800.0,55.010040283203125
2018-05-29,62.599998474121094,61.06999969482422,62.349998474121094,61.45000076293945,524800.0,52.4494514465332
2018-05-30,62.91999816894531,61.56999969482422,62.09000015258789,62.84000015258789,470500.0,53.63585662841797
2018-05-31,62.79999923706055,61.849998474121094,62.61000061035156,62.22999954223633,618800.0,53.115203857421875
2018-06-01,64.26000213623047,63.439998626708984,63.7599983215332,63.970001220703125,541700.0,54.600345611572266
2018-06-04,65.69000244140625,65.13999938964844,65.2699966430664,65.31999969482422,457800.0,55.75260925292969
2018-06-05,64.0199966430664,62.959999084472656,63.7599983215332,63.040000915527344,534400.0,53.80656051635742
2018-06-06,64.44000244140625,63.689998626708984,63.81999969482422,64.3499984741211,336300.0,54.92469024658203
2018-06-07,63.689998626708984,61.70000076293945,63.380001068115234,62.11000061035156,925800.0,53.012779235839844
2018-06-08,62.33000183105469,61.099998474121094,61.599998474121094,62.099998474121094,567600.0,53.004241943359375
2018-06-11,61.59000015258789,61.0,61.349998474121094,61.189998626708984,334500.0,52.227535247802734
2018-06-12,61.119998931884766,60.09000015258789,61.0,60.2400016784668,314700.0,51.41667938232422
2018-06-13,61.68000030517578,59.709999084472656,60.900001525878906,60.380001068115234,541500.0,51.53617477416992
2018-06-14,61.84000015258789,60.209999084472656,61.529998779296875,60.2400016784668,490500.0,51.41667938232422
2018-06-15,60.40999984741211,59.290000915527344,59.93000030517578,59.75,489400.0,50.998451232910156
2018-06-18,58.279998779296875,57.41999816894531,58.279998779296875,57.86000061035156,512900.0,49.38527297973633
2018-06-19,56.119998931884766,54.959999084472656,55.720001220703125,55.61000061035156,977600.0,48.178436279296875
2018-06-20,57.349998474121094,56.38999938964844,57.0,56.439998626708984,567600.0,48.89751052856445
2018-06-21,56.900001525878906,56.15999984741211,56.77000045776367,56.45000076293945,355300.0,48.90617752075195
2018-06-22,58.45000076293945,57.36000061035156,58.099998474121094,57.9900016784668,496000.0,50.240379333496094
2018-06-25,56.900001525878906,55.720001220703125,56.599998474121094,56.650001525878906,724800.0,49.07945251464844
2018-06-26,56.880001068115234,55.7599983215332,56.630001068115234,56.060001373291016,955900.0,48.56829833984375
2018-06-27,55.34000015258789,53.16999816894531,55.099998474121094,53.650001525878906,884400.0,46.48036193847656
2018-06-28,55.5099983215332,54.45000076293945,54.93000030517578,55.47999954223633,719300.0,48.06580352783203
2018-06-29,57.63999938964844,56.40999984741211,56.970001220703125,57.560001373291016,1503700.0,49.86783981323242
2018-07-02,57.060001373291016,56.02000045776367,56.29999923706055,56.88999938964844,920300.0,49.287376403808594
2018-07-03,58.099998474121094,56.790000915527344,57.130001068115234,57.40999984741211,525800.0,49.73788833618164
2018-07-05,59.27000045776367,57.9900016784668,58.84000015258789,58.2400016784668,737300.0,50.456966400146484
2018-07-06,59.43000030517578,58.2400016784668,58.2400016784668,58.70000076293945,541200.0,50.855491638183594
2018-07-09,60.689998626708984,60.119998931884766,60.36000061035156,60.5,629600.0,52.414947509765625
2018-07-10,60.529998779296875,59.68000030517578,60.09000015258789,60.45000076293945,699000.0,52.37162780761719
2018-07-11,59.150001525878906,57.90999984741211,58.72999954223633,58.43000030517578,702100.0,50.62157440185547
2018-07-12,59.810001373291016,58.56999969482422,59.029998779296875,59.220001220703125,332800.0,51.30600357055664
2018-07-13,59.119998931884766,58.52000045776367,58.779998779296875,58.880001068115234,409600.0,51.01144027709961
2018-07-16,58.529998779296875,57.790000915527344,58.380001068115234,58.130001068115234,438400.0,50.361671447753906
2018-07-17,59.400001525878906,58.189998626708984,58.189998626708984,59.20000076293945,512500.0,51.28867721557617
2018-07-18,59.209999084472656,58.13999938964844,58.459999084472656,59.04999923706055,414300.0,51.15871810913086
2018-07-19,58.18000030517578,57.27000045776367,57.47999954223633,57.619998931884766,584300.0,49.919822692871094
2018-07-20,59.13999938964844,58.5,58.66999816894531,59.09000015258789,536600.0,51.19337463378906
2018-07-23,58.189998626708984,57.52000045776367,57.90999984741211,58.0,504200.0,50.24903869628906
2018-07-24,59.95000076293945,58.90999984741211,59.060001373291016,59.29999923706055,752100.0,51.37531280517578
2018-07-25,60.41999816894531,59.029998779296875,59.970001220703125,60.400001525878906,486900.0,52.328311920166016
2018-07-26,60.2400016784668,59.34000015258789,59.93000030517578,59.47999954223633,311500.0,51.53125762939453
2018-07-27,60.70000076293945,59.720001220703125,60.16999816894531,60.09000015258789,720200.0,52.05973815917969
2018-07-30,61.029998779296875,60.380001068115234,60.810001373291016,60.5,255800.0,52.414947509765625
2018-07-31,61.630001068115234,60.79999923706055,61.0099983215332,61.189998626708984,405000.0,53.01273727416992
2018-08-01,60.7599983215332,59.849998474121094,60.56999969482422,60.27000045776367,337700.0,52.21568298339844
2018-08-02,59.02000045776367,58.29999923706055,58.709999084472656,58.52000045776367,1039600.0,50.69955062866211
2018-08-03,59.91999816894531,58.90999984741211,59.22999954223633,59.56999969482422,598200.0,51.60922622680664
2018-08-06,59.04999923706055,58.380001068115234,58.75,58.65999984741211,310800.0,50.820838928222656
2018-08-07,60.2599983215332,58.75,58.75,59.790000915527344,269900.0,51.799827575683594
2018-08-08,60.220001220703125,59.349998474121094,59.599998474121094,60.029998779296875,777100.0,52.00775146484375
2018-08-09,59.900001525878906,58.75,59.36000061035156,58.81999969482422,340600.0,50.95945739746094
2018-08-10,56.75,55.63999938964844,56.40999984741211,56.0099983215332,843000.0,48.52497863769531
2018-08-13,55.689998626708984,54.0,55.29999923706055,54.29999923706055,624100.0,47.043495178222656
2018-08-14,55.95000076293945,55.16999816894531,55.5099983215332,55.310001373291016,614300.0,47.91852569580078
2018-08-15,53.099998474121094,51.45000076293945,52.52000045776367,52.290000915527344,1413300.0,45.30210876464844
2018-08-16,53.20000076293945,51.900001525878906,52.790000915527344,52.189998626708984,577100.0,45.21547317504883
2018-08-17,53.31999969482422,51.5,51.630001068115234,53.150001525878906,322100.0,46.047183990478516
2018-08-20,53.650001525878906,52.959999084472656,53.47999954223633,53.40999984741211,348800.0,46.27243423461914
2018-08-21,55.439998626708984,54.400001525878906,54.400001525878906,54.869998931884766,859900.0,47.537322998046875
2018-08-22,56.880001068115234,55.619998931884766,55.75,56.689998626708984,469200.0,49.114105224609375
2018-08-23,56.70000076293945,55.0,56.4900016784668,55.20000076293945,492000.0,47.82322311401367
2018-08-24,57.47999954223633,56.5099983215332,57.119998931884766,57.16999816894531,495500.0,49.52996063232422
2018-08-27,58.849998474121094,57.810001373291016,57.959999084472656,58.41999816894531,538000.0,50.612911224365234
2018-08-28,59.72999954223633,58.27000045776367,58.4900016784668,58.43000030517578,537100.0,50.62157440185547
2018-08-29,58.13999938964844,56.81999969482422,56.9900016784668,57.97999954223633,478800.0,50.231712341308594
2018-08-30,56.0,53.779998779296875,55.68000030517578,54.290000915527344,1084500.0,47.03483581542969
2018-08-31,55.08000183105469,53.86000061035156,54.5099983215332,54.869998931884766,1004900.0,47.537322998046875
2018-09-04,51.77000045776367,50.75,51.72999954223633,50.97999954223633,1109500.0,44.16717529296875
2018-09-05,50.34000015258789,49.540000915527344,50.310001373291016,50.0,900600.0,43.318138122558594
2018-09-06,50.630001068115234,50.099998474121094,50.470001220703125,50.529998779296875,510400.0,43.77730941772461
2018-09-07,51.90999984741211,50.529998779296875,51.290000915527344,50.77000045776367,787500.0,43.98523712158203
2018-09-10,51.279998779296875,50.470001220703125,51.09000015258789,50.54999923706055,455000.0,43.79463577270508
2018-09-11,51.38999938964844,50.040000915527344,50.310001373291016,51.18000030517578,528300.0,44.34044647216797
2018-09-12,52.0099983215332,50.529998779296875,50.880001068115234,51.380001068115234,908500.0,44.51372146606445
2018-09-13,52.959999084472656,51.7599983215332,52.45000076293945,51.9900016784668,919900.0,45.04220199584961
2018-09-14,52.380001068115234,51.040000915527344,52.09000015258789,51.349998474121094,700900.0,44.487728118896484
2018-09-17,51.52000045776367,50.58000183105469,50.79999923706055,51.16999816894531,516500.0,44.33177947998047
2018-09-18,51.849998474121094,51.25,51.41999816894531,51.560001373291016,414800.0,44.6696662902832
2018-09-19,52.95000076293945,52.099998474121094,52.349998474121094,52.810001373291016,540800.0,45.75261688232422
2018-09-20,54.27000045776367,53.38999938964844,53.810001373291016,54.119998931884766,578100.0,46.887550354003906
2018-09-21,55.099998474121094,54.119998931884766,54.20000076293945,54.900001525878906,1784300.0,47.563316345214844
2018-09-24,54.900001525878906,54.189998626708984,54.900001525878906,54.25,547400.0,47.00018310546875
2018-09-25,54.400001525878906,53.68000030517578,53.959999084472656,54.27000045776367,295000.0,47.01750946044922
2018-09-26,55.720001220703125,54.29999923706055,54.56999969482422,54.540000915527344,639200.0,47.25142288208008
2018-09-27,55.0099983215332,54.150001525878906,54.560001373291016,54.27000045776367,481400.0,47.01750946044922
2018-09-28,54.119998931884766,53.27000045776367,53.4900016784668,53.650001525878906,520300.0,46.48036193847656
2018-10-01,54.459999084472656,53.33000183105469,54.33000183105469,53.52000045776367,236500.0,46.367733001708984
2018-10-02,52.88999938964844,52.459999084472656,52.720001220703125,52.470001220703125,965300.0,45.45805740356445
2018-10-03,52.63999938964844,50.45000076293945,52.4900016784668,50.70000076293945,522000.0,43.92459487915039
2018-10-04,50.93000030517578,49.099998474121094,50.83000183105469,49.540000915527344,1332700.0,42.919612884521484
2018-10-05,50.34000015258789,48.81999969482422,50.02000045776367,49.59000015258789,677200.0,42.962928771972656
2018-10-08,49.790000915527344,48.779998779296875,48.90999984741211,49.61000061035156,458800.0,42.980255126953125
2018-10-09,50.5099983215332,48.79999923706055,48.97999954223633,50.20000076293945,599800.0,43.49141311645508
2018-10-10,49.72999954223633,48.02000045776367,49.43000030517578,48.16999816894531,1233600.0,41.73269271850586
2018-10-11,48.72999954223633,47.150001525878906,48.279998779296875,47.63999938964844,1330700.0,41.273521423339844
2018-10-12,51.189998626708984,49.470001220703125,50.849998474121094,50.2599983215332,978200.0,43.543392181396484
2018-10-15,50.2400016784668,49.630001068115234,49.959999084472656,49.880001068115234,570800.0,43.214176177978516
2018-10-16,52.31999969482422,50.369998931884766,50.560001373291016,52.029998779296875,657900.0,45.07685470581055
2018-10-17,51.369998931884766,50.349998474121094,51.18000030517578,50.54999923706055,493500.0,43.79463577270508
2018-10-18,50.33000183105469,48.619998931884766,49.9900016784668,48.86000061035156,575800.0,42.33048629760742
2018-10-19,50.0099983215332,49.15999984741211,49.790000915527344,49.459999084472656,463000.0,42.85029983520508
2018-10-22,50.9900016784668,49.7599983215332,50.75,50.029998779296875,304200.0,43.3441276550293
2018-10-23,50.29999923706055,48.41999816894531,48.810001373291016,49.869998931884766,595700.0,43.205509185791016
2018-10-24,49.20000076293945,47.130001068115234,49.20000076293945,47.130001068115234,768100.0,40.8316764831543
2018-10-25,49.25,48.18000030517578,48.36000061035156,48.63999938964844,647100.0,42.13988494873047
2018-10-26,48.810001373291016,47.209999084472656,47.70000076293945,48.290000915527344,830400.0,41.83665466308594
2018-10-29,49.0,46.630001068115234,48.900001525878906,47.439998626708984,471100.0,41.100250244140625
2018-10-30,48.470001220703125,47.58000183105469,48.04999923706055,48.41999816894531,511400.0,41.949283599853516
2018-10-31,48.75,47.54999923706055,47.900001525878906,48.27000045776367,613400.0,41.81932830810547
2018-11-01,51.630001068115234,49.77000045776367,49.88999938964844,51.5099983215332,894400.0,44.626346588134766
2018-11-02,52.959999084472656,51.349998474121094,52.68000030517578,52.2599983215332,876400.0,45.276119232177734
2018-11-05,53.88999938964844,53.04999923706055,53.189998626708984,53.5,2654000.0,46.350406646728516
2018-11-06,53.4900016784668,52.68000030517578,52.849998474121094,53.439998626708984,429600.0,46.298423767089844
2018-11-07,55.779998779296875,54.7400016784668,55.09000015258789,55.68000030517578,807800.0,48.239078521728516
2018-11-08,54.45000076293945,52.77000045776367,54.29999923706055,53.0,685700.0,45.9172248840332
2018-11-09,52.38999938964844,51.189998626708984,52.34000015258789,51.880001068115234,2427100.0,44.946903228759766
2018-11-12,50.95000076293945,49.93000030517578,50.7599983215332,50.18000030517578,714600.0,43.47408676147461
2018-11-13,51.2599983215332,50.04999923706055,50.43000030517578,50.529998779296875,668400.0,43.77730941772461
2018-11-14,51.029998779296875,49.7400016784668,50.9900016784668,50.470001220703125,690000.0,43.7253303527832
2018-11-15,53.06999969482422,51.060001373291016,51.36000061035156,52.70000076293945,881000.0,45.657318115234375
2018-11-16,53.5099983215332,52.150001525878906,52.38999938964844,53.25,858500.0,46.13381576538086
2018-11-19,52.939998626708984,52.06999969482422,52.709999084472656,52.31999969482422,417700.0,45.328102111816406
2018-11-20,51.7400016784668,50.709999084472656,51.22999954223633,51.25,1691100.0,44.40108871459961
2018-11-21,52.70000076293945,51.880001068115234,52.11000061035156,51.939998626708984,517400.0,44.99888229370117
2018-11-23,52.52000045776367,51.83000183105469,51.86000061035156,51.86000061035156,350100.0,44.92957305908203
2018-11-26,53.849998474121094,53.16999816894531,53.40999984741211,53.43000030517578,511300.0,46.289764404296875
2018-11-27,53.7599983215332,53.040000915527344,53.560001373291016,53.709999084472656,686700.0,46.53234100341797
2018-11-28,55.45000076293945,53.2599983215332,53.86000061035156,55.369998931884766,1024100.0,47.97050857543945
2018-11-29,55.349998474121094,54.529998779296875,54.83000183105469,54.880001068115234,987000.0,47.545989990234375
2018-11-30,53.630001068115234,52.439998626708984,53.380001068115234,52.84000015258789,989300.0,45.77860641479492
2018-12-03,54.9900016784668,54.22999954223633,54.91999816894531,54.810001373291016,893000.0,47.48534393310547
2018-12-04,55.29999923706055,53.18000030517578,55.119998931884766,53.400001525878906,956900.0,46.263771057128906
2018-12-06,52.650001525878906,50.58000183105469,51.70000076293945,52.619998931884766,1233000.0,45.588008880615234
2018-12-07,52.70000076293945,50.52000045776367,52.29999923706055,50.630001068115234,893400.0,43.863948822021484
2018-12-10,50.43000030517578,48.54999923706055,50.16999816894531,49.7400016784668,2964700.0,43.09288787841797
2018-12-11,50.97999954223633,49.91999816894531,50.68000030517578,50.43000030517578,853700.0,43.690673828125
2018-12-12,52.9900016784668,52.040000915527344,52.040000915527344,52.220001220703125,1221600.0,45.2414665222168
2018-12-13,52.2599983215332,51.45000076293945,52.119998931884766,51.970001220703125,597600.0,45.02487564086914
2018-12-14,51.209999084472656,50.43000030517578,50.880001068115234,50.59000015258789,731100.0,43.829288482666016
2018-12-17,51.310001373291016,49.95000076293945,50.349998474121094,50.04999923706055,580300.0,43.361454010009766
2018-12-18,49.939998626708984,49.22999954223633,49.5,49.400001525878906,740200.0,43.73059844970703
2018-12-19,51.16999816894531,47.83000183105469,50.58000183105469,48.43000030517578,1793500.0,42.87192153930664
2018-12-20,50.61000061035156,49.119998931884766,50.349998474121094,49.5,1236700.0,43.819122314453125
2018-12-21,50.45000076293945,48.27000045776367,50.189998626708984,48.630001068115234,1025100.0,43.04896926879883
2018-12-24,50.150001525878906,48.65999984741211,49.439998626708984,48.849998474121094,229000.0,43.24372100830078
2018-12-26,50.36000061035156,48.79999923706055,49.220001220703125,50.16999816894531,434200.0,44.412227630615234
2018-12-27,50.060001373291016,48.93000030517578,49.22999954223633,50.02000045776367,766100.0,44.27944564819336
2018-12-28,51.189998626708984,50.380001068115234,50.66999816894531,50.560001373291016,846100.0,44.75747299194336
2018-12-31,51.54999923706055,50.27000045776367,51.400001525878906,50.45000076293945,413800.0,44.66009521484375
2019-01-02,50.58000183105469,49.150001525878906,49.34000015258789,50.290000915527344,581600.0,44.51845932006836
2019-01-03,50.939998626708984,49.560001373291016,50.02000045776367,50.439998626708984,489700.0,44.651241302490234
2019-01-04,53.43000030517578,51.38999938964844,51.61000061035156,53.189998626708984,833400.0,47.085636138916016
2019-01-07,52.86000061035156,52.09000015258789,52.689998626708984,52.5,907700.0,46.47482681274414
2019-01-08,52.779998779296875,51.91999816894531,52.279998779296875,52.52000045776367,454400.0,46.492530822753906
2019-01-09,54.380001068115234,53.0099983215332,53.09000015258789,53.869998931884766,621100.0,47.68759536743164
2019-01-10,54.970001220703125,53.61000061035156,53.810001373291016,54.959999084472656,1167500.0,48.652503967285156
2019-01-11,54.849998474121094,54.060001373291016,54.349998474121094,54.459999084472656,524400.0,48.20988845825195
2019-01-14,54.720001220703125,53.689998626708984,54.0,54.25,443000.0,48.02398681640625
2019-01-15,54.900001525878906,54.18000030517578,54.38999938964844,54.63999938964844,813400.0,48.36922836303711
2019-01-16,56.06999969482422,54.970001220703125,54.9900016784668,55.68000030517578,968200.0,49.28987503051758
2019-01-17,55.36000061035156,53.880001068115234,54.27000045776367,55.15999984741211,1102700.0,48.829551696777344
2019-01-18,55.13999938964844,54.369998931884766,54.63999938964844,54.790000915527344,939500.0,48.50201416015625
2019-01-22,54.650001525878906,53.880001068115234,54.529998779296875,54.209999084472656,1360900.0,47.98857879638672
2019-01-23,54.7599983215332,54.13999938964844,54.279998779296875,54.65999984741211,616400.0,48.38693618774414
2019-01-24,55.43000030517578,54.22999954223633,54.4900016784668,55.290000915527344,683600.0,48.94462966918945
2019-01-25,56.040000915527344,55.369998931884766,55.41999816894531,55.70000076293945,643000.0,49.307579040527344
2019-01-28,55.459999084472656,54.720001220703125,55.02000045776367,55.310001373291016,966800.0,48.962337493896484
2019-01-29,56.20000076293945,55.63999938964844,56.099998474121094,55.849998474121094,625600.0,49.44036102294922
2019-01-30,57.529998779296875,55.09000015258789,55.209999084472656,57.380001068115234,957100.0,50.79477310180664
2019-01-31,57.81999969482422,57.13999938964844,57.40999984741211,57.599998474121094,1093900.0,50.989524841308594
2019-02-01,56.709999084472656,56.2400016784668,56.68000030517578,56.52000045776367,835500.0,50.033470153808594
2019-02-04,55.900001525878906,55.15999984741211,55.380001068115234,55.65999984741211,690500.0,49.27216720581055
2019-02-05,57.119998931884766,55.900001525878906,56.099998474121094,57.0,846100.0,50.45838165283203
2019-02-06,56.36000061035156,55.150001525878906,56.22999954223633,55.34000015258789,1266100.0,48.988895416259766
2019-02-07,55.099998474121094,53.869998931884766,54.86000061035156,54.77000045776367,1150000.0,48.484310150146484
2019-02-08,54.369998931884766,53.599998474121094,54.220001220703125,54.22999954223633,659800.0,48.006282806396484
2019-02-11,53.79999923706055,53.29999923706055,53.63999938964844,53.349998474121094,498400.0,47.22727584838867
2019-02-12,54.27000045776367,53.72999954223633,54.16999816894531,53.83000183105469,1488100.0,47.652191162109375
2019-02-13,53.79999923706055,52.52000045776367,53.439998626708984,52.61000061035156,655600.0,46.572200775146484
2019-02-14,52.91999816894531,51.70000076293945,52.25,52.63999938964844,841300.0,46.598758697509766
2019-02-15,52.77000045776367,52.27000045776367,52.56999969482422,52.66999816894531,513500.0,46.62531661987305
2019-02-19,54.09000015258789,52.529998779296875,52.560001373291016,53.869998931884766,867300.0,47.68759536743164
2019-02-20,54.4900016784668,53.7400016784668,53.86000061035156,54.08000183105469,638800.0,47.87350082397461
2019-02-21,54.27000045776367,53.45000076293945,54.18000030517578,53.79999923706055,960600.0,47.625633239746094
2019-02-22,54.880001068115234,54.18000030517578,54.29999923706055,54.31999969482422,493200.0,48.08595275878906
2019-02-25,55.7400016784668,54.970001220703125,54.9900016784668,55.2400016784668,1106100.0,48.90037155151367
2019-02-26,55.709999084472656,55.08000183105469,55.08000183105469,55.41999816894531,720900.0,49.05971145629883
2019-02-27,54.91999816894531,54.150001525878906,54.84000015258789,54.5,678700.0,48.245296478271484
2019-02-28,54.290000915527344,53.599998474121094,54.25,53.689998626708984,991000.0,47.528255462646484
2019-03-01,53.7400016784668,52.7599983215332,53.59000015258789,52.970001220703125,1014400.0,46.89088821411133
2019-03-04,53.209999084472656,52.290000915527344,53.209999084472656,52.970001220703125,1469900.0,46.89088821411133
2019-03-05,53.68000030517578,53.08000183105469,53.209999084472656,53.5,890200.0,47.36006164550781
2019-03-06,53.529998779296875,52.869998931884766,53.290000915527344,52.880001068115234,541900.0,46.81121826171875
2019-03-07,52.779998779296875,51.45000076293945,52.77000045776367,51.61000061035156,1041800.0,45.68696975708008
2019-03-08,52.099998474121094,51.61000061035156,51.779998779296875,51.93000030517578,1137800.0,45.97024154663086
2019-03-11,52.43000030517578,52.0,52.0,52.43000030517578,547500.0,46.41286087036133
2019-03-12,52.880001068115234,52.45000076293945,52.4900016784668,52.59000015258789,462600.0,46.55449676513672
2019-03-13,52.68000030517578,51.779998779296875,52.400001525878906,52.04999923706055,720200.0,46.07646942138672
2019-03-14,51.90999984741211,51.47999954223633,51.81999969482422,51.630001068115234,718700.0,45.704673767089844
2019-03-15,52.83000183105469,52.41999816894531,52.45000076293945,52.689998626708984,889300.0,46.64302062988281
2019-03-18,53.31999969482422,52.849998474121094,53.060001373291016,53.27000045776367,984400.0,47.156455993652344
2019-03-19,53.13999938964844,52.66999816894531,53.060001373291016,52.83000183105469,1115500.0,46.76695251464844
2019-03-20,54.099998474121094,52.0099983215332,52.720001220703125,53.400001525878906,2043300.0,47.27153778076172
2019-03-21,53.459999084472656,52.72999954223633,53.0099983215332,53.459999084472656,989400.0,47.324649810791016
2019-03-22,52.560001373291016,51.08000183105469,52.400001525878906,51.15999984741211,3625600.0,45.288612365722656
2019-03-25,51.959999084472656,51.15999984741211,51.27000045776367,51.619998931884766,1228400.0,45.69581985473633
2019-03-26,51.689998626708984,51.16999816894531,51.45000076293945,51.470001220703125,890000.0,45.56303405761719
2019-03-27,51.7599983215332,50.900001525878906,51.58000183105469,51.2599983215332,700900.0,45.377132415771484
2019-03-28,51.36000061035156,50.68000030517578,50.939998626708984,51.27000045776367,1241000.0,45.385990142822266
2019-03-29,52.54999923706055,51.93000030517578,52.209999084472656,52.33000183105469,981800.0,46.324337005615234
2019-04-01,54.47999954223633,54.04999923706055,54.150001525878906,54.40999984741211,1470300.0,48.16562271118164
2019-04-02,54.40999984741211,53.59000015258789,54.380001068115234,53.88999938964844,1003000.0,47.70530319213867
2019-04-03,55.38999938964844,54.810001373291016,54.810001373291016,55.040000915527344,1148400.0,48.723323822021484
2019-04-04,55.380001068115234,54.939998626708984,54.939998626708984,55.119998931884766,847100.0,48.79414367675781
2019-04-05,55.849998474121094,55.439998626708984,55.70000076293945,55.5099983215332,1016900.0,49.139381408691406
2019-04-08,55.7400016784668,55.27000045776367,55.599998474121094,55.56999969482422,1216300.0,49.19249725341797
2019-04-09,56.189998626708984,55.68000030517578,56.0,55.79999923706055,1362600.0,49.39610290527344
2019-04-10,57.54999923706055,57.150001525878906,57.22999954223633,57.29999923706055,1340900.0,50.72395324707031
2019-04-11,56.790000915527344,56.369998931884766,56.619998931884766,56.689998626708984,764200.0,50.1839599609375
2019-04-12,57.349998474121094,56.790000915527344,57.220001220703125,56.959999084472656,764100.0,50.4229736328125
2019-04-15,56.959999084472656,56.61000061035156,56.88999938964844,56.84000015258789,818300.0,50.31674575805664
2019-04-16,57.810001373291016,56.97999954223633,57.02000045776367,57.619998931884766,594500.0,51.00722885131836
2019-04-17,58.209999084472656,57.63999938964844,58.130001068115234,57.7599983215332,642900.0,51.131160736083984
2019-04-18,58.290000915527344,57.63999938964844,57.77000045776367,58.16999816894531,688900.0,51.49410629272461
2019-04-22,57.79999923706055,57.349998474121094,57.72999954223633,57.709999084472656,381000.0,51.08689880371094
2019-04-23,57.459999084472656,56.779998779296875,57.11000061035156,57.43000030517578,729400.0,50.83903503417969
2019-04-24,56.34000015258789,55.599998474121094,56.25,55.720001220703125,1397700.0,49.32528305053711
2019-04-25,56.150001525878906,55.59000015258789,55.880001068115234,55.959999084472656,637800.0,49.53773880004883
2019-04-26,57.150001525878906,56.459999084472656,56.5099983215332,56.72999954223633,632800.0,50.2193717956543
2019-04-29,56.65999984741211,56.29999923706055,56.560001373291016,56.41999816894531,516600.0,49.944942474365234
2019-04-30,56.84000015258789,56.130001068115234,56.369998931884766,56.619998931884766,662700.0,50.12199401855469
2019-05-01,56.959999084472656,55.5099983215332,56.43000030517578,55.599998474121094,1006700.0,49.21905517578125
2019-05-02,56.2400016784668,55.5,56.02000045776367,56.02000045776367,746100.0,49.59085464477539
2019-05-03,57.5,56.630001068115234,56.709999084472656,57.380001068115234,748800.0,50.79477310180664
2019-05-06,56.4900016784668,55.470001220703125,55.63999938964844,56.43000030517578,758600.0,49.953800201416016
2019-05-07,56.2400016784668,55.040000915527344,56.119998931884766,55.720001220703125,1516200.0,49.32528305053711
2019-05-08,56.4900016784668,55.529998779296875,56.06999969482422,55.68000030517578,2515400.0,49.28987503051758
2019-05-09,55.29999923706055,53.970001220703125,54.79999923706055,54.880001068115234,1249600.0,48.581687927246094
2019-05-10,56.63999938964844,55.459999084472656,56.02000045776367,56.279998779296875,1343100.0,49.821014404296875
2019-05-13,55.06999969482422,54.15999984741211,54.880001068115234,54.7400016784668,1553100.0,48.45775604248047
2019-05-14,55.58000183105469,54.75,55.380001068115234,54.77000045776367,1237200.0,48.484310150146484
2019-05-15,54.900001525878906,53.79999923706055,53.959999084472656,54.61000061035156,966600.0,48.34267044067383
2019-05-16,55.45000076293945,54.349998474121094,55.310001373291016,54.349998474121094,1063000.0,48.112510681152344
2019-05-17,53.79999923706055,53.06999969482422,53.470001220703125,53.290000915527344,1089700.0,47.17416000366211
2019-05-20,53.33000183105469,52.88999938964844,53.099998474121094,53.0099983215332,901300.0,46.926292419433594
2019-05-21,52.939998626708984,52.5,52.86000061035156,52.91999816894531,1163600.0,46.846622467041016
2019-05-22,53.08000183105469,52.40999984741211,52.88999938964844,52.52000045776367,633600.0,46.492530822753906
2019-05-23,51.15999984741211,50.58000183105469,51.06999969482422,50.77000045776367,1056600.0,44.9433708190918
2019-05-24,51.650001525878906,50.970001220703125,51.56999969482422,51.08000183105469,807500.0,45.217796325683594
2019-05-28,50.619998931884766,49.599998474121094,50.470001220703125,49.7400016784668,1306300.0,44.03158187866211
2019-05-29,51.619998931884766,50.40999984741211,50.70000076293945,51.5099983215332,1521500.0,45.598445892333984
2019-05-30,52.380001068115234,51.77000045776367,51.97999954223633,52.0099983215332,982700.0,46.04106140136719
2019-05-31,53.150001525878906,51.95000076293945,52.04999923706055,52.86000061035156,1533900.0,46.793514251708984
2019-06-03,54.11000061035156,53.400001525878906,53.599998474121094,53.7599983215332,981900.0,47.5902214050293
2019-06-04,52.93000030517578,52.11000061035156,52.65999984741211,52.90999984741211,1056800.0,46.837772369384766
2019-06-05,53.0099983215332,51.91999816894531,52.939998626708984,52.150001525878906,742200.0,46.16499328613281
2019-06-06,52.13999938964844,51.560001373291016,52.02000045776367,51.970001220703125,823100.0,46.005653381347656
2019-06-07,53.2400016784668,52.279998779296875,52.279998779296875,52.45000076293945,562500.0,46.430564880371094
2019-06-10,54.060001373291016,53.4900016784668,53.68000030517578,53.68000030517578,639000.0,47.51940155029297
2019-06-11,54.83000183105469,54.34000015258789,54.459999084472656,54.529998779296875,975200.0,48.2718505859375
2019-06-12,53.9900016784668,53.459999084472656,53.779998779296875,53.59000015258789,890100.0,47.43973159790039
2019-06-13,53.619998931884766,53.04999923706055,53.58000183105469,53.36000061035156,826100.0,47.23612976074219
2019-06-14,53.529998779296875,53.02000045776367,53.470001220703125,53.06999969482422,741600.0,46.97941207885742
2019-06-17,52.22999954223633,51.70000076293945,52.029998779296875,52.099998474121094,699800.0,47.29257583618164
2019-06-18,54.0,53.150001525878906,53.220001220703125,53.81999969482422,1137900.0,48.85386657714844
2019-06-19,55.2400016784668,53.77000045776367,54.02000045776367,54.869998931884766,944300.0,49.80698013305664
2019-06-20,55.7599983215332,54.79999923706055,55.560001373291016,55.20000076293945,1440300.0,50.10653305053711
2019-06-21,55.459999084472656,54.790000915527344,54.9900016784668,55.029998779296875,1012900.0,49.95221710205078
2019-06-24,54.709999084472656,54.18000030517578,54.38999938964844,54.25,735900.0,49.24419021606445
2019-06-25,54.34000015258789,53.47999954223633,54.20000076293945,53.72999954223633,984800.0,48.77217102050781
2019-06-26,54.849998474121094,54.119998931884766,54.209999084472656,54.5,707500.0,49.47112274169922
2019-06-27,54.709999084472656,54.349998474121094,54.5099983215332,54.560001373291016,427500.0,49.52558517456055
2019-06-28,54.84000015258789,54.34000015258789,54.689998626708984,54.66999816894531,630300.0,49.62543487548828
2019-07-01,55.58000183105469,54.47999954223633,55.38999938964844,54.869998931884766,1205000.0,49.80698013305664
2019-07-02,54.720001220703125,54.119998931884766,54.5,54.709999084472656,1881100.0,49.6617431640625
2019-07-03,54.619998931884766,54.09000015258789,54.150001525878906,54.560001373291016,355400.0,49.52558517456055
2019-07-05,54.0,53.22999954223633,53.68000030517578,53.880001068115234,820300.0,48.90833282470703
2019-07-08,54.2400016784668,53.880001068115234,53.95000076293945,54.08000183105469,657500.0,49.08987808227539
2019-07-09,53.310001373291016,52.97999954223633,53.119998931884766,53.189998626708984,603400.0,48.28199768066406
2019-07-10,54.75,54.15999984741211,54.15999984741211,54.4900016784668,673700.0,49.4620475769043
2019-07-11,55.189998626708984,54.02000045776367,54.97999954223633,54.130001068115234,822400.0,49.1352653503418
2019-07-12,54.40999984741211,53.88999938964844,54.25,54.34000015258789,613800.0,49.32588577270508
2019-07-15,54.900001525878906,54.540000915527344,54.61000061035156,54.779998779296875,394000.0,49.725284576416016
2019-07-16,55.5099983215332,54.779998779296875,55.189998626708984,54.81999969482422,750700.0,49.761592864990234
2019-07-17,54.689998626708984,54.150001525878906,54.4900016784668,54.22999954223633,818700.0,49.226036071777344
2019-07-18,55.54999923706055,54.77000045776367,54.779998779296875,55.5,1316300.0,50.378849029541016
2019-07-19,55.45000076293945,54.75,55.45000076293945,54.90999984741211,634700.0,49.84328842163086
2019-07-22,55.27000045776367,54.81999969482422,55.15999984741211,54.900001525878906,398600.0,49.83421325683594
2019-07-23,55.290000915527344,54.83000183105469,55.220001220703125,55.02000045776367,701500.0,49.94314193725586
2019-07-24,55.11000061035156,54.720001220703125,54.849998474121094,54.939998626708984,211200.0,49.870521545410156
2019-07-25,54.13999938964844,53.279998779296875,54.13999938964844,53.560001373291016,910600.0,48.61785888671875
2019-07-26,53.529998779296875,52.75,53.369998931884766,53.0099983215332,371000.0,48.11860656738281
2019-07-29,53.86000061035156,53.34000015258789,53.72999954223633,53.810001373291016,320800.0,48.844791412353516
2019-07-30,53.2400016784668,52.83000183105469,53.15999984741211,53.099998474121094,401400.0,48.20030212402344
2019-07-31,52.900001525878906,50.66999816894531,52.63999938964844,51.68000030517578,1073500.0,46.91133117675781
2019-08-01,51.970001220703125,50.13999938964844,51.209999084472656,50.439998626708984,777500.0,45.78574752807617
2019-08-02,50.900001525878906,50.040000915527344,50.790000915527344,50.09000015258789,431300.0,45.46804428100586
2019-08-05,48.959999084472656,48.13999938964844,48.689998626708984,48.540000915527344,579000.0,44.06106948852539
2019-08-06,49.77000045776367,48.52000045776367,49.470001220703125,48.970001220703125,796500.0,44.451393127441406
2019-08-07,48.83000183105469,47.900001525878906,48.209999084472656,48.70000076293945,552100.0,44.20630645751953
2019-08-08,48.68000030517578,48.209999084472656,48.380001068115234,48.630001068115234,434100.0,44.142765045166016
2019-08-09,47.9900016784668,47.20000076293945,47.79999923706055,47.47999954223633,807200.0,43.098876953125
2019-08-12,47.400001525878906,46.84000015258789,47.040000915527344,47.040000915527344,450600.0,42.69947814941406
2019-08-13,47.779998779296875,46.650001525878906,46.7400016784668,47.47999954223633,599900.0,43.098876953125
2019-08-14,46.18000030517578,45.52000045776367,46.0,45.52000045776367,888600.0,41.319732666015625
2019-08-15,46.65999984741211,46.040000915527344,46.22999954223633,46.36000061035156,582300.0,42.08222579956055
2019-08-16,46.7400016784668,46.209999084472656,46.220001220703125,46.52000045776367,312900.0,42.22745895385742
2019-08-19,46.810001373291016,45.900001525878906,46.61000061035156,45.970001220703125,420100.0,41.72821044921875
2019-08-20,46.45000076293945,46.040000915527344,46.060001373291016,46.099998474121094,277800.0,41.846214294433594
2019-08-21,47.560001373291016,47.06999969482422,47.189998626708984,47.310001373291016,772100.0,42.94456481933594
2019-08-22,47.45000076293945,46.619998931884766,47.33000183105469,46.630001068115234,423500.0,42.32731246948242
2019-08-23,47.040000915527344,45.58000183105469,46.439998626708984,45.81999969482422,531600.0,41.5920524597168
2019-08-26,46.65999984741211,46.189998626708984,46.459999084472656,46.36000061035156,226800.0,42.08222579956055
2019-08-27,46.400001525878906,45.810001373291016,46.20000076293945,45.86000061035156,561500.0,41.628360748291016
2019-08-28,46.720001220703125,46.08000183105469,46.16999816894531,46.439998626708984,359200.0,42.154842376708984
2019-08-29,46.970001220703125,46.41999816894531,46.84000015258789,46.61000061035156,246700.0,42.30915451049805
2019-08-30,47.970001220703125,47.529998779296875,47.650001525878906,47.880001068115234,364800.0,43.461971282958984
2019-09-03,48.22999954223633,47.65999984741211,47.7400016784668,48.209999084472656,318900.0,43.76151657104492
2019-09-04,49.34000015258789,48.470001220703125,48.65999984741211,49.150001525878906,473100.0,44.614784240722656
2019-09-05,49.939998626708984,49.470001220703125,49.65999984741211,49.61000061035156,640000.0,45.0323371887207
2019-09-06,50.52000045776367,49.689998626708984,50.33000183105469,49.7400016784668,349000.0,45.15034103393555
2019-09-09,50.15999984741211,49.66999816894531,50.11000061035156,49.79999923706055,237200.0,45.204803466796875
2019-09-10,50.36000061035156,49.709999084472656,49.97999954223633,50.08000183105469,631500.0,45.45896911621094
2019-09-11,50.81999969482422,50.16999816894531,50.16999816894531,50.779998779296875,508300.0,46.09437561035156
2019-09-12,52.27000045776367,51.54999923706055,51.93000030517578,51.59000015258789,618700.0,46.82963562011719
2019-09-13,52.599998474121094,52.11000061035156,52.400001525878906,52.25,572400.0,47.42873764038086
2019-09-16,53.29999923706055,52.56999969482422,52.7599983215332,52.65999984741211,874300.0,47.8009033203125
2019-09-17,51.91999816894531,51.27000045776367,51.54999923706055,51.86000061035156,490000.0,47.07472229003906
2019-09-18,51.7400016784668,50.7400016784668,51.599998474121094,51.400001525878906,405200.0,46.657169342041016
2019-09-19,51.38999938964844,50.470001220703125,51.220001220703125,50.61000061035156,309600.0,45.9400634765625
2019-09-20,51.029998779296875,49.689998626708984,50.720001220703125,50.119998931884766,742300.0,45.495277404785156
2019-09-23,50.16999816894531,49.45000076293945,49.54999923706055,49.90999984741211,284300.0,45.30465316772461
2019-09-24,49.97999954223633,49.36000061035156,49.97999954223633,49.849998474121094,693400.0,45.25019073486328
2019-09-25,48.970001220703125,48.279998779296875,48.68000030517578,48.900001525878906,568100.0,44.38785171508789
2019-09-26,49.650001525878906,48.95000076293945,49.560001373291016,48.97999954223633,298200.0,44.46046829223633
2019-09-27,48.630001068115234,47.61000061035156,48.45000076293945,47.900001525878906,765700.0,43.480125427246094
2019-09-30,47.79999923706055,47.29999923706055,47.38999938964844,47.45000076293945,499400.0,43.07164764404297
2019-10-01,47.630001068115234,47.099998474121094,47.34000015258789,47.22999954223633,500000.0,42.871944427490234
2019-10-02,47.34000015258789,46.65999984741211,47.34000015258789,46.97999954223633,340000.0,42.645015716552734
2019-10-03,47.81999969482422,47.119998931884766,47.27000045776367,47.59000015258789,364200.0,43.198726654052734
2019-10-04,48.619998931884766,47.959999084472656,48.040000915527344,48.45000076293945,241600.0,43.979373931884766
2019-10-07,48.75,48.130001068115234,48.43000030517578,48.130001068115234,445400.0,43.688899993896484
2019-10-08,48.209999084472656,47.54999923706055,48.0099983215332,47.70000076293945,658400.0,43.298580169677734
2019-10-09,48.189998626708984,47.7400016784668,47.83000183105469,47.93000030517578,257800.0,43.507354736328125
2019-10-10,49.2400016784668,48.349998474121094,48.380001068115234,48.900001525878906,376700.0,44.38785171508789
2019-10-11,50.869998931884766,50.02000045776367,50.209999084472656,50.380001068115234,1032400.0,45.73128890991211
2019-10-14,50.45000076293945,49.95000076293945,50.27000045776367,50.04999923706055,181800.0,45.43173599243164
2019-10-15,50.369998931884766,49.81999969482422,49.9900016784668,50.09000015258789,247000.0,45.46804428100586
2019-10-16,50.52000045776367,50.130001068115234,50.279998779296875,50.349998474121094,185000.0,45.70405197143555
2019-10-17,51.29999923706055,50.810001373291016,51.2599983215332,50.88999938964844,251300.0,46.1942253112793
2019-10-18,51.06999969482422,50.47999954223633,50.84000015258789,50.95000076293945,265100.0,46.24869155883789
2019-10-21,51.439998626708984,50.93000030517578,51.2400016784668,51.43000030517578,252700.0,46.68439865112305
2019-10-22,52.06999969482422,51.529998779296875,51.650001525878906,51.959999084472656,264300.0,47.16549301147461
2019-10-23,51.540000915527344,50.970001220703125,50.9900016784668,51.45000076293945,324800.0,46.70255661010742
2019-10-24,51.59000015258789,50.779998779296875,51.59000015258789,50.84000015258789,344000.0,46.148841857910156
2019-10-25,51.029998779296875,50.709999084472656,50.709999084472656,50.959999084472656,206000.0,46.25776672363281
2019-10-28,52.119998931884766,51.630001068115234,51.66999816894531,51.720001220703125,266800.0,46.9476432800293
2019-10-29,51.290000915527344,50.810001373291016,50.869998931884766,51.099998474121094,202500.0,46.384849548339844
2019-10-30,49.97999954223633,49.0099983215332,49.400001525878906,49.959999084472656,438300.0,45.350040435791016
2019-10-31,49.790000915527344,49.189998626708984,49.540000915527344,49.599998474121094,433300.0,45.023258209228516
2019-11-01,50.040000915527344,49.56999969482422,49.619998931884766,50.0099983215332,477600.0,45.39542770385742
2019-11-04,51.41999816894531,50.95000076293945,51.060001373291016,50.970001220703125,447300.0,46.266845703125
2019-11-05,51.83000183105469,51.290000915527344,51.779998779296875,51.65999984741211,243500.0,46.8931770324707
2019-11-06,52.040000915527344,51.459999084472656,51.86000061035156,51.720001220703125,290800.0,46.9476432800293
2019-11-07,52.33000183105469,51.65999984741211,52.0099983215332,51.93000030517578,249000.0,47.13826370239258
2019-11-08,51.4900016784668,50.93000030517578,51.349998474121094,51.11000061035156,354300.0,46.39392852783203
2019-11-11,51.029998779296875,50.52000045776367,50.599998474121094,50.869998931884766,360000.0,46.17607116699219
2019-11-12,51.16999816894531,50.470001220703125,51.119998931884766,50.58000183105469,193700.0,45.91283416748047
2019-11-13,50.81999969482422,50.08000183105469,50.33000183105469,50.54999923706055,307800.0,45.88560104370117
2019-11-14,51.150001525878906,50.61000061035156,50.75,50.880001068115234,155300.0,46.185150146484375
2019-11-15,51.56999969482422,51.130001068115234,51.43000030517578,51.20000076293945,139800.0,46.475624084472656
2019-11-18,51.31999969482422,50.900001525878906,51.0,51.16999816894531,188500.0,46.44839096069336
2019-11-19,51.970001220703125,51.4900016784668,51.970001220703125,51.52000045776367,285900.0,46.76609420776367
2019-11-20,52.369998931884766,51.68000030517578,52.08000183105469,51.91999816894531,212000.0,47.12918472290039
2019-11-21,51.93000030517578,51.4900016784668,51.83000183105469,51.81999969482422,128700.0,47.038414001464844
2019-11-22,51.86000061035156,51.36000061035156,51.7599983215332,51.41999816894531,112900.0,46.67531967163086
2019-11-25,51.209999084472656,50.91999816894531,50.91999816894531,51.099998474121094,228000.0,46.384849548339844
2019-11-26,50.310001373291016,49.849998474121094,50.130001068115234,50.209999084472656,535200.0,45.57697296142578
2019-11-27,50.470001220703125,49.84000015258789,50.060001373291016,49.970001220703125,201700.0,45.3591194152832
2019-11-29,49.75,49.380001068115234,49.66999816894531,49.54999923706055,253900.0,44.97787094116211
2019-12-02,49.18000030517578,48.65999984741211,48.83000183105469,49.130001068115234,351200.0,44.59663009643555
2019-12-03,49.06999969482422,48.54999923706055,48.72999954223633,49.06999969482422,394200.0,44.54216384887695
2019-12-04,49.720001220703125,49.310001373291016,49.529998779296875,49.540000915527344,367000.0,44.96879577636719
2019-12-05,49.18000030517578,48.849998474121094,48.869998931884766,49.13999938964844,343200.0,44.60570526123047
2019-12-06,49.45000076293945,49.16999816894531,49.36000061035156,49.310001373291016,319600.0,44.7600212097168
2019-12-09,49.470001220703125,48.70000076293945,49.33000183105469,48.7400016784668,347300.0,44.24261474609375
2019-12-10,48.720001220703125,48.15999984741211,48.40999984741211,48.630001068115234,352100.0,44.142765045166016
2019-12-11,49.79999923706055,49.0,49.09000015258789,49.70000076293945,525800.0,45.11403274536133
2019-12-12,50.599998474121094,49.61000061035156,49.630001068115234,50.369998931884766,716000.0,45.72220993041992
2019-12-13,51.630001068115234,50.880001068115234,51.33000183105469,50.9900016784668,451600.0,46.28499984741211
2019-12-16,47.4900016784668,46.959999084472656,47.130001068115234,47.15999984741211,664300.0,47.15999984741211
2019-12-17,47.93000030517578,47.400001525878906,47.599998474121094,47.65999984741211,568800.0,47.65999984741211
2019-12-18,48.93000030517578,48.529998779296875,48.529998779296875,48.77000045776367,390200.0,48.77000045776367
2019-12-19,48.810001373291016,48.16999816894531,48.470001220703125,48.63999938964844,611400.0,48.63999938964844
2019-12-20,48.869998931884766,48.59000015258789,48.84000015258789,48.630001068115234,553400.0,48.630001068115234
2019-12-23,48.5,48.130001068115234,48.25,48.45000076293945,224100.0,48.45000076293945
2019-12-24,48.91999816894531,48.4900016784668,48.56999969482422,48.65999984741211,169600.0,48.65999984741211
2019-12-26,49.29999923706055,48.869998931884766,48.90999984741211,49.20000076293945,209300.0,49.20000076293945
2019-12-27,49.5,49.09000015258789,49.29999923706055,49.40999984741211,329800.0,49.40999984741211
2019-12-30,49.40999984741211,48.849998474121094,49.29999923706055,48.9900016784668,621700.0,48.9900016784668
2019-12-31,49.13999938964844,48.77000045776367,48.97999954223633,49.04999923706055,614600.0,49.04999923706055
2020-01-02,49.650001525878906,49.06999969482422,49.279998779296875,49.47999954223633,428100.0,49.47999954223633
2020-01-03,48.83000183105469,47.970001220703125,48.68000030517578,48.150001525878906,432100.0,48.150001525878906
2020-01-06,48.400001525878906,47.970001220703125,48.029998779296875,48.38999938964844,354200.0,48.38999938964844
2020-01-07,48.09000015258789,47.66999816894531,47.9900016784668,47.880001068115234,445500.0,47.880001068115234
2020-01-08,48.86000061035156,47.779998779296875,48.040000915527344,48.36000061035156,626100.0,48.36000061035156
2020-01-09,48.349998474121094,47.83000183105469,48.209999084472656,47.970001220703125,430900.0,47.970001220703125
2020-01-10,48.790000915527344,48.11000061035156,48.43000030517578,48.13999938964844,432800.0,48.13999938964844
2020-01-13,48.209999084472656,47.540000915527344,47.689998626708984,48.15999984741211,499000.0,48.15999984741211
2020-01-14,48.34000015258789,47.900001525878906,48.130001068115234,48.2400016784668,563900.0,48.2400016784668
2020-01-15,48.75,48.16999816894531,48.63999938964844,48.290000915527344,266500.0,48.290000915527344
2020-01-16,48.599998474121094,48.290000915527344,48.34000015258789,48.45000076293945,396500.0,48.45000076293945
2020-01-17,48.61000061035156,48.15999984741211,48.47999954223633,48.529998779296875,538700.0,48.529998779296875
2020-01-21,47.869998931884766,47.38999938964844,47.790000915527344,47.4900016784668,625800.0,47.4900016784668
2020-01-22,48.380001068115234,47.880001068115234,48.22999954223633,48.25,792800.0,48.25
2020-01-23,47.66999816894531,46.880001068115234,47.33000183105469,47.529998779296875,772300.0,47.529998779296875
2020-01-24,47.709999084472656,47.150001525878906,47.63999938964844,47.61000061035156,728400.0,47.61000061035156
2020-01-27,46.20000076293945,45.29999923706055,45.9900016784668,45.66999816894531,879100.0,45.66999816894531
2020-01-28,45.709999084472656,45.290000915527344,45.61000061035156,45.599998474121094,738900.0,45.599998474121094
2020-01-29,46.529998779296875,46.0099983215332,46.38999938964844,46.18000030517578,525400.0,46.18000030517578
2020-01-30,46.16999816894531,45.369998931884766,45.869998931884766,46.02000045776367,766900.0,46.02000045776367
2020-01-31,45.04999923706055,44.31999969482422,44.939998626708984,44.65999984741211,1213800.0,44.65999984741211
2020-02-03,45.08000183105469,44.68000030517578,44.77000045776367,44.959999084472656,560000.0,44.959999084472656
2020-02-04,46.5,45.970001220703125,46.20000076293945,46.0099983215332,558400.0,46.0099983215332
2020-02-05,47.18000030517578,46.4900016784668,47.0,46.619998931884766,769200.0,46.619998931884766
2020-02-06,46.86000061035156,46.27000045776367,46.86000061035156,46.369998931884766,490000.0,46.369998931884766
2020-02-07,45.75,45.22999954223633,45.75,45.45000076293945,520700.0,45.45000076293945
2020-02-10,45.7400016784668,45.22999954223633,45.27000045776367,45.65999984741211,263800.0,45.65999984741211
2020-02-11,46.540000915527344,45.849998474121094,46.130001068115234,46.22999954223633,494800.0,46.22999954223633
2020-02-12,47.290000915527344,46.72999954223633,46.93000030517578,47.099998474121094,648500.0,47.099998474121094
2020-02-13,47.0,46.290000915527344,46.939998626708984,46.400001525878906,455700.0,46.400001525878906
2020-02-14,47.29999923706055,46.470001220703125,47.27000045776367,46.7400016784668,669500.0,46.7400016784668
2020-02-18,46.63999938964844,46.150001525878906,46.20000076293945,46.470001220703125,324500.0,46.470001220703125
2020-02-19,46.86000061035156,46.540000915527344,46.79999923706055,46.630001068115234,400000.0,46.630001068115234
2020-02-20,46.099998474121094,45.18000030517578,45.959999084472656,45.4900016784668,1010200.0,45.4900016784668
2020-02-21,45.95000076293945,45.310001373291016,45.36000061035156,45.58000183105469,589100.0,45.58000183105469
2020-02-24,43.779998779296875,43.20000076293945,43.529998779296875,43.310001373291016,1304000.0,43.310001373291016
2020-02-25,43.40999984741211,42.130001068115234,43.279998779296875,42.2400016784668,927700.0,42.2400016784668
2020-02-26,44.38999938964844,43.189998626708984,43.709999084472656,43.209999084472656,723400.0,43.209999084472656
2020-02-27,42.150001525878906,40.619998931884766,41.9900016784668,40.68000030517578,1311500.0,40.68000030517578
2020-02-28,40.45000076293945,38.52000045776367,39.63999938964844,40.279998779296875,1341800.0,40.279998779296875
2020-03-02,41.630001068115234,39.59000015258789,40.0,41.459999084472656,1067500.0,41.459999084472656
2020-03-03,42.83000183105469,40.58000183105469,41.09000015258789,41.08000183105469,1384900.0,41.08000183105469
2020-03-04,42.279998779296875,41.439998626708984,41.83000183105469,41.97999954223633,715100.0,41.97999954223633
2020-03-05,41.540000915527344,40.150001525878906,41.130001068115234,40.529998779296875,827900.0,40.529998779296875
2020-03-06,40.349998474121094,39.529998779296875,40.0,39.959999084472656,1091100.0,39.959999084472656
2020-03-09,38.86000061035156,35.56999969482422,36.72999954223633,35.9900016784668,1118600.0,35.9900016784668
2020-03-10,38.810001373291016,36.810001373291016,37.79999923706055,38.63999938964844,1129400.0,38.63999938964844
2020-03-11,37.59000015258789,35.81999969482422,37.34000015258789,36.43000030517578,872200.0,36.43000030517578
2020-03-12,34.0099983215332,30.459999084472656,33.25,31.030000686645508,1234400.0,31.030000686645508
2020-03-13,35.439998626708984,31.729999542236328,34.119998931884766,33.54999923706055,1232400.0,33.54999923706055
2020-03-16,30.6200008392334,27.709999084472656,28.520000457763672,29.170000076293945,769800.0,29.170000076293945
2020-03-17,30.969999313354492,29.010000228881836,29.299999237060547,30.6200008392334,1117600.0,30.6200008392334
2020-03-18,27.90999984741211,25.170000076293945,27.559999465942383,26.399999618530273,1002600.0,26.399999618530273
2020-03-19,26.290000915527344,25.06999969482422,25.780000686645508,25.65999984741211,844000.0,25.65999984741211
2020-03-20,27.079999923706055,25.43000030517578,26.729999542236328,25.6299991607666,746500.0,25.6299991607666
2020-03-23,25.1299991607666,24.1200008392334,25.0,24.479999542236328,1582500.0,24.479999542236328
2020-03-24,27.3799991607666,26.389999389648438,26.719999313354492,26.950000762939453,1046400.0,26.950000762939453
2020-03-25,30.139999389648438,28.56999969482422,28.889999389648438,29.389999389648438,915400.0,29.389999389648438
2020-03-26,31.280000686645508,30.209999084472656,30.450000762939453,30.920000076293945,1226700.0,30.920000076293945
2020-03-27,28.719999313354492,27.899999618530273,28.290000915527344,28.149999618530273,811900.0,28.149999618530273
2020-03-30,28.3799991607666,27.389999389648438,28.3799991607666,27.940000534057617,1179400.0,27.940000534057617
2020-03-31,29.149999618530273,28.100000381469727,28.600000381469727,28.3799991607666,976100.0,28.3799991607666
2020-04-01,28.0,27.18000030517578,27.530000686645508,27.280000686645508,834000.0,27.280000686645508
2020-04-02,28.270000457763672,27.459999084472656,27.780000686645508,27.920000076293945,721500.0,27.920000076293945
2020-04-03,27.59000015258789,26.1299991607666,27.420000076293945,26.459999084472656,898800.0,26.459999084472656
2020-04-06,29.110000610351562,27.950000762939453,28.010000228881836,28.90999984741211,821400.0,28.90999984741211
2020-04-07,31.139999389648438,29.670000076293945,30.959999084472656,29.81999969482422,713600.0,29.81999969482422
2020-04-08,30.0,29.270000457763672,29.65999984741211,29.799999237060547,775100.0,29.799999237060547
2020-04-09,31.510000228881836,30.309999465942383,30.600000381469727,30.459999084472656,814500.0,30.459999084472656
2020-04-13,30.649999618530273,29.860000610351562,30.510000228881836,30.5,328100.0,30.5
2020-04-14,32.099998474121094,31.239999771118164,31.450000762939453,31.649999618530273,1150300.0,31.649999618530273
2020-04-15,30.6200008392334,29.950000762939453,30.329999923706055,30.18000030517578,645900.0,30.18000030517578
2020-04-16,30.90999984741211,29.510000228881836,30.780000686645508,29.6299991607666,896700.0,29.6299991607666
2020-04-17,30.75,29.889999389648438,30.40999984741211,30.219999313354492,658700.0,30.219999313354492
2020-04-20,30.209999084472656,29.579999923706055,30.040000915527344,29.68000030517578,354000.0,29.68000030517578
2020-04-21,29.389999389648438,28.700000762939453,28.780000686645508,29.06999969482422,477700.0,29.06999969482422
2020-04-22,30.010000228881836,29.530000686645508,29.90999984741211,29.549999237060547,331100.0,29.549999237060547
2020-04-23,30.8700008392334,29.760000228881836,30.270000457763672,29.84000015258789,321600.0,29.84000015258789
2020-04-24,30.959999084472656,30.350000381469727,30.770000457763672,30.459999084472656,635200.0,30.459999084472656
2020-04-27,31.780000686645508,31.110000610351562,31.110000610351562,31.520000457763672,447700.0,31.520000457763672
2020-04-28,31.739999771118164,31.239999771118164,31.649999618530273,31.31999969482422,517800.0,31.31999969482422
2020-04-29,33.18000030517578,32.209999084472656,32.40999984741211,33.0099983215332,708200.0,33.0099983215332
2020-04-30,32.650001525878906,31.200000762939453,32.650001525878906,31.329999923706055,915400.0,31.329999923706055
2020-05-01,30.829999923706055,30.06999969482422,30.520000457763672,30.40999984741211,377900.0,30.40999984741211
